# email June 20, 2015: Hidehiro Kaneda
# Approximate spectral template of the stellar component by averaging
# the spectra of the three quiescent elliptical galaxies in the
# sample, NGC 1407, NGC 1549, and NGC 3904 (Kaneda et al. 2008, ApJ684, 270)
#aperture SL 25"x3.6"; LL 71"x10.2"
# wavelengths [microns], flux densities [MJy/sr], flux errors [MJy/sr]
 5.338210 3.575481 0.064262
5.368460 3.629106 0.064866
5.398700 3.540975 0.064520
5.428940 3.553444 nan
5.459180 3.498217 nan
5.489420 3.383854 0.054453
5.519670 3.453382 0.052896
5.549910 3.319194 0.055016
5.580150 3.309642 0.055761
5.610390 3.397889 0.053103
5.640630 3.419108 0.054831
5.670880 3.307887 0.051883
5.701120 3.259138 0.053284
5.731360 3.281271 0.050672
5.761600 3.297377 0.051509
5.791840 3.331157 0.056571
5.822090 3.340446 0.057223
5.852330 3.305009 0.058782
5.882570 3.246230 0.057338
5.912810 3.193059 0.056016
5.943050 3.269969 0.059367
5.973300 3.364518 0.058449
6.003540 3.258217 0.055480
6.033780 3.247482 0.057562
6.064020 3.115429 0.055242
6.094260 3.151245 0.055791
6.124510 3.096443 0.053944
6.154750 3.094110 0.055537
6.184990 3.087220 0.055657
6.215230 2.989993 0.053169
6.245470 3.081440 0.054093
6.275720 3.010742 0.056593
6.305960 3.031087 0.057559
6.336200 3.017185 0.060481
6.366440 3.045979 0.061124
6.396680 2.990388 0.061159
6.426930 2.876641 0.060778
6.457170 2.830336 0.057801
6.487410 2.851020 0.057241
6.517650 2.796763 0.061599
6.547890 2.865165 0.067240
6.578140 2.827040 0.072852
6.608380 2.708048 0.073090
6.638620 2.733037 0.068925
6.668860 2.633319 0.063962
6.699100 2.608190 0.062907
6.729350 2.539110 0.063933
6.759590 2.564228 0.068629
6.789830 2.621198 0.070128
6.820070 2.643364 0.071780
6.850310 2.671714 0.077301
6.880560 2.556245 0.078566
6.910800 2.605748 0.072330
6.941040 2.521530 0.075068
6.971280 2.576949 0.080912
7.001520 2.494340 0.085089
7.031770 2.399524 0.087420
7.062010 2.469136 0.084531
7.092250 2.317971 0.079500
7.122490 2.275535 0.078050
7.152730 2.295373 0.082415
7.182980 2.290979 0.078619
7.213220 2.267744 0.082182
7.243460 2.235149 0.086330
7.273700 2.267039 0.088108
7.303940 2.224652 0.094816
7.334190 2.322033 0.094366
7.364430 2.264983 0.101015
7.394670 2.087651 0.098018
7.424910 2.141576 0.097759
7.455150 2.116034 0.093829
7.485400 2.162769 0.096824
7.515640 2.063435 0.106040
7.394670 2.023953 0.067090
7.455150 2.081038 0.062959
7.515640 2.054362 0.060013
7.576120 2.039047 0.058454
7.636600 1.982136 0.055708
7.697090 1.960116 0.054201
7.757570 1.868504 0.051678
7.818050 1.805554 0.050726
7.878540 1.811041 0.048110
7.939020 1.693739 0.046141
7.999510 1.664230 0.043204
8.059990 1.662090 0.037998
8.120470 1.634833 0.037033
8.180960 1.681098 0.037395
8.241440 1.715596 0.037459
8.301920 1.624855 0.039456
8.362410 1.602162 0.035470
7.697090 1.913297 0.049711
7.757570 1.732964 0.043845
7.818050 1.778674 0.041610
7.878540 1.760939 0.040898
7.939020 1.699736 0.041998
7.999510 1.679128 0.039030
8.059990 1.682718 0.036759
8.120470 1.685275 0.035378
8.180960 1.702491 0.036053
8.241440 1.643969 0.035306
8.301920 1.619714 0.034125
8.362410 1.622915 0.030749
8.422890 1.633316 0.032173
8.483370 1.654210 0.034102
8.543860 1.581266 0.032246
8.604340 1.625180 0.032255
8.664830 1.591545 0.030874
8.725310 1.590384 0.031343
8.785790 1.592381 0.029598
8.846280 1.581802 0.029108
8.906760 1.613445 0.028500
8.967240 1.645555 0.031567
9.027730 1.677815 0.032222
9.088210 1.649521 0.030909
9.148690 1.624144 0.031717
9.209180 1.679711 0.031038
9.269660 1.659844 0.029476
9.330150 1.726069 0.031040
9.390630 1.655990 0.030393
9.451110 1.709355 0.032096
9.511600 1.709047 0.029452
9.572080 1.729651 0.029223
9.632560 1.704199 0.027217
9.693050 1.756112 0.026167
9.753530 1.698836 0.029993
9.814010 1.708667 0.025604
9.874500 1.697093 0.025374
9.934980 1.701027 0.024752
9.995470 1.678711 0.024379
10.056000 1.677215 0.024166
10.116400 1.657780 0.023828
10.176900 1.655570 0.022025
10.237400 1.637822 0.022542
10.297900 1.616163 0.024027
10.358400 1.613061 0.023668
10.418800 1.647190 0.023959
10.479300 1.642646 0.023278
10.539800 1.653869 0.023882
10.600300 1.597845 0.024132
10.660800 1.571898 0.025390
10.721300 1.586536 0.025176
10.781700 1.582112 0.025778
10.842200 1.582709 0.035309
10.902700 1.575875 0.025864
10.963200 1.565583 0.026539
11.023700 1.526893 0.027438
11.084200 1.486579 0.028762
11.144700 1.492754 0.027895
11.205100 1.460519 0.027407
11.265600 1.433674 0.027390
11.326100 1.427564 0.027384
11.386600 1.429388 0.028243
11.447100 1.415448 0.027437
11.507600 1.445905 0.027784
11.568000 1.446077 0.028276
11.628500 1.379418 0.029776
11.689000 1.354475 0.030004
11.749500 1.382136 0.030210
11.810000 1.351044 0.029455
11.870500 1.288970 0.029125
11.930900 1.279327 0.028685
11.991400 1.258148 0.029312
12.051900 1.291651 0.029761
12.112400 1.258022 0.029551
12.172900 1.207760 0.072551
12.233400 1.227723 0.030924
12.293800 1.223541 0.029174
12.354300 1.224419 0.030626
12.414800 1.192042 0.028748
12.475300 1.165535 0.028795
12.535800 1.146892 0.030258
12.596300 1.167691 0.028304
12.656700 1.134251 0.028232
12.717200 1.119067 0.028057
12.777700 1.126623 0.028607
12.838200 1.153873 0.027321
12.898700 1.185157 0.033746
12.959200 1.144804 0.030138
13.019700 1.089133 0.031278
13.080100 1.088144 0.033082
13.140600 1.084749 0.034325
13.201100 1.103450 0.034261
13.261600 1.075681 0.034137
13.322100 1.091029 0.034328
13.382600 1.066162 0.034776
13.443000 1.082843 0.035369
13.503500 1.028145 0.038102
13.564000 1.039877 0.035086
13.624500 1.053285 0.036845
13.685000 0.995114 0.038341
13.745500 1.045320 0.036018
13.805900 1.022065 0.040273
13.866400 0.996029 0.038304
13.926900 1.064670 0.041289
13.987400 1.028745 0.041668
14.047900 1.007510 0.041818
14.108300 1.059470 0.045112
14.168800 1.028188 0.044895
14.323400 0.944261 0.036957
14.408100 0.924925 nan
14.492700 1.057711 nan
14.577400 0.999451 0.038026
14.662100 0.976382 0.040519
14.746800 0.952653 nan
14.831500 0.998901 nan
14.916100 0.952500 0.043820
15.000800 1.029676 0.040478
15.085500 0.893049 0.037795
15.170100 0.924907 0.037703
15.254800 0.899812 0.035220
15.339500 0.928958 0.032055
15.424200 0.935416 0.031227
15.508900 0.938655 0.033415
15.593500 1.011342 0.034743
15.678200 0.991723 0.034677
15.762900 0.964226 0.031610
15.847600 0.811422 0.035139
15.932200 0.834415 0.040929
16.016899 0.874223 0.093622
16.101601 0.842954 0.051840
16.186300 0.883901 0.045826
16.271000 0.937464 0.051628
16.355600 0.881269 0.048430
16.440300 0.968222 nan
16.525000 0.899774 nan
16.609699 0.887614 0.038320
16.694300 0.886744 0.039702
16.778999 0.840492 nan
16.863701 0.865058 nan
16.948400 0.780473 nan
17.033001 0.870381 0.041050
17.117701 0.825813 0.044098
17.202400 0.809318 0.045743
17.287100 0.869961 0.044944
17.371700 0.879793 nan
17.456400 0.856459 nan
17.541100 0.733714 nan
17.625799 0.792859 0.045554
17.710501 0.922236 0.047698
17.795099 0.876648 0.056161
17.879801 0.819015 0.050426
17.964500 0.846250 0.049333
18.049200 0.809811 0.048351
18.133801 0.765208 0.051695
18.218500 0.894243 0.053833
18.303200 0.939734 0.059980
18.387899 0.857747 nan
18.472500 0.762254 nan
18.557199 0.856648 nan
18.641899 0.787424 nan
18.726601 0.855854 0.054392
18.811300 0.830381 0.053193
18.895901 0.800188 0.053009
18.980600 0.801250 0.054239
19.065300 0.773788 0.084702
19.150000 0.779830 0.109446
19.234600 0.721591 0.070272
19.319300 0.683295 0.084187
19.403999 0.765474 0.174586
19.488701 0.768012 0.080274
19.573400 0.703902 0.077674
19.658001 0.699451 0.076038
19.742701 0.779071 0.073669
19.827400 0.703561 0.070339
19.912100 0.599697 0.071379
19.996700 0.648977 0.070950
20.081400 0.693068 0.070169
20.166100 0.655852 nan
19.573400 0.697369 0.042292
19.742701 0.735133 0.041191
19.912100 0.756237 0.040882
20.081400 0.838462 nan
20.250799 0.806701 nan
20.420099 0.854761 0.041623
20.589500 0.758186 0.041992
20.758801 0.748874 0.070248
20.928200 0.678497 0.043421
21.097500 0.643858 0.038860
20.589500 0.752349 0.053027
20.758801 0.783083 0.054953
20.928200 0.723640 0.044859
21.097500 0.672683 0.042059
21.266899 0.577716 0.051610
21.436199 0.563528 0.047086
21.605600 0.664290 0.047060
21.775000 0.734596 0.148237
21.944300 0.514243 0.051128
22.113701 0.614225 0.041276
22.283001 0.577270 0.035506
22.452400 0.592052 0.041492
22.621700 0.610269 0.041291
22.791100 0.673853 0.032578
22.960400 0.503696 0.029022
23.129801 0.539777 0.030228
23.299101 0.527372 0.036696
23.468500 0.561727 0.031271
23.637800 0.527484 0.026464
23.807199 0.536379 0.024250
23.976500 0.510864 0.024361
24.145901 0.523603 0.028370
24.315300 0.558440 0.027494
24.484600 0.582414 nan
24.653999 0.521894 nan
24.823299 0.546667 0.029681
24.992701 0.469712 0.032889
25.162001 0.417233 0.033007
25.331400 0.437326 0.033314
25.500700 0.416472 0.031548
25.670099 0.449266 0.033638
25.839399 0.491198 nan
26.008801 0.457716 nan
26.178200 0.503770 0.030713
26.347500 0.451421 0.027696
26.516800 0.454429 nan
26.686199 0.411068 nan
26.855600 0.410882 nan
27.024900 0.422563 nan
27.194300 0.421894 nan
27.363600 0.422228 0.027631
27.533001 0.423213 0.034213
27.702299 0.392628 0.028802
27.871700 0.535116 0.031663
28.041000 0.413965 0.038749
28.210400 0.565534 0.038731
28.379700 0.449489 0.039312
28.549101 0.381226 0.035285
28.718500 0.432795 0.031034
28.887800 0.459554 0.031416
29.057199 0.440501 0.034905
29.226500 0.412052 0.036930
29.395901 0.382210 nan
29.565201 0.383194 nan
29.734600 0.417809 0.036685
29.903900 0.382563 0.034724
30.073299 0.373315 0.034704
30.242599 0.389211 0.038266
30.412001 0.210065 0.041820
30.581301 0.374039 0.045226
30.750700 0.364160 0.054992
30.920000 0.367298 0.050175
31.089399 0.246444 0.050878
31.258801 0.361207 0.049311
31.428101 0.320557 0.044356
31.597500 0.267057 0.047078
31.766800 0.382488 0.049915
31.936199 0.344197 0.050915
32.105499 0.256899 0.053280
32.274899 0.252850 0.059322
32.444199 0.247149 0.065567
32.613602 0.292962 0.072533
32.782902 0.404884 0.073446
32.952301 0.304104 0.081895
33.121700 0.357549 0.076002
33.291000 0.415785 0.077993
33.460400 0.354392 0.085003
33.629700 0.233203 0.087792
33.799099 0.255599 0.095922
33.968399 0.265348 0.100373
34.137798 0.261653 0.112071
34.307098 0.489508 0.122459
34.476501 0.404661 0.107572
34.645802 0.213612 nan
34.815201 0.185367 nan
34.984501 0.350065 nan
35.153900 0.334670 nan
35.323200 0.324457 0.161000
35.492599 0.302396 0.172554
35.661999 0.423231 0.156402
35.831299 0.210882 0.174771
36.000702 0.070251 0.174758
36.169998 0.054744 0.220723
36.339401 0.178180 0.273948
36.508701 0.213353 0.162644
36.678101 0.151996 0.198220
36.847401 0.115710 0.186066
37.016800 0.176602 0.187953
37.186100 -0.260687 0.217453
37.355499 0.309211 0.238160
37.524799 0.122210 0.463450
37.694199 0.265088 0.507930
37.863602 0.324494 0.262959
