|   WAVELENGTH    |      FLUX       | FLUX_UNCERTAINTY |
|      real       |      real       |       real       |
         5.242817          1.140988          0.5488600
         5.273802         0.8069816          0.5336115
         5.304788         0.4114372          0.4916835
         5.335773          1.290854          0.4288600
         5.366758          1.520403          0.4025896
         5.397744          1.231737          0.3918616
         5.428729         0.9644741          0.3587072
         5.459714         0.6326742          0.3691581
         5.490700         0.5192540          0.3327098
         5.521685         0.4973589          0.3339576
         5.552670          1.081434          0.3371462
         5.583656          1.312182          0.3369914
         5.614641          1.121624          0.3709459
         5.645627          1.715800          0.3580491
         5.676612          1.300932          0.3734046
         5.707598          1.579259          0.3712221
         5.738583          1.492236          0.3976574
         5.769568          1.709067          0.4109814
         5.800553          1.602043          0.4109306
         5.831539          1.159134          0.3978085
         5.862525         0.9627813          0.3799795
         5.893510          1.384411          0.3725331
         5.924495          1.352961          0.3655157
         5.955481          1.935675          0.3452122
         5.986466          2.287306          0.3651141
         6.017451          2.310494          0.3403144
         6.048437          2.457300          0.3336109
         6.079422          2.301464          0.3266289
         6.110407          3.074297          0.3205229
         6.141393          3.421850          0.3255615
         6.172378          5.149922          0.3263924
         6.203363          7.594043          0.3442888
         6.234349          8.642968          0.3508039
         6.265334          9.086479          0.3630405
         6.296319          7.512797          0.3965163
         6.327305          6.443521          0.4313519
         6.358290          4.838334          0.4408684
         6.389276          4.037686          0.4550159
         6.420261          3.394441          0.4402359
         6.451246          3.225361          0.4164656
         6.482232          2.645715          0.3983060
         6.513217          2.511747          0.3966053
         6.544202          3.052482          0.4193677
         6.575188          2.807216          0.4425300
         6.606173          3.050725          0.4166202
         6.637158          2.958898          0.3896964
         6.668144          2.818983          0.3787311
         6.699129          2.901027          0.3595144
         6.730114          3.062161          0.3682725
         6.761100          2.568661          0.3793476
         6.792085          2.643591          0.3920107
         6.823071          2.980408          0.4057474
         6.854056          2.430194          0.4158515
         6.885041          3.472994          0.4235830
         6.916027          2.700827          0.4459834
         6.947012          2.802468          0.4687047
         6.977998          3.314923          0.5099566
         7.008983          4.780955          0.5665527
         7.039968          4.051417          0.5735233
         7.070954          3.604246          0.5661699
         7.101939          3.214203          0.5641614
         7.132924          3.637749          0.5756077
         7.163910          2.770164          0.5871228
         7.194895          3.968415          0.6021708
         7.225881          4.375818          0.6642131
         7.256866          4.257668          0.6721361
         7.287851          4.578129          0.6682371
         7.318837          5.575172          0.7176075
         7.349822          5.229771          0.6669295
         7.380807          5.903658          0.6383080
         7.411793          6.184649          0.6251642
         7.442778          7.781833          0.6490540
         7.473763          8.438332          0.6608169
         7.504749          8.768391          0.6693354
         7.533706          9.851213          0.3880388
         7.595799          11.32472          0.3448751
         7.657894          12.22945          0.3413210
         7.719988          11.58292          0.3109147
         7.782082          11.30595          0.2896818
         7.844176          10.84674          0.2816127
         7.906271          9.940908          0.2967142
         7.968365          8.998316          0.2966376
         8.030458          7.687234          0.2916161
         8.092554          6.422390          0.2865482
         8.154648          5.865808          0.2802205
         8.216742          5.354965          0.2933717
         8.278836          5.138652          0.2929935
         8.340930          5.505516          0.2865331
         8.403025          5.679640          0.2704204
         8.465118          5.877614          0.2707390
         8.527213          6.393995          0.2465729
         8.589307          7.007575          0.2457840
         8.651402          7.561912          0.2250679
         8.713495          6.994114          0.2017412
         8.775590          5.767343          0.1889363
         8.837685          4.408451          0.1814535
         8.899778          3.610572          0.1811173
         8.961872          3.467432          0.1751645
         9.023967          3.352798          0.1778679
         9.086061          3.280980          0.1808289
         9.148155          2.569638          0.1727615
         9.210249          2.114151          0.1714482
         9.272344          2.101905          0.1746295
         9.334438          2.319520          0.1855689
         9.396532          2.051417          0.1836328
         9.458626          2.268795          0.1937717
         9.520720          2.512594          0.1928844
         9.582815          2.343141          0.1980930
         9.644909          2.345815          0.1892815
         9.707003          2.512588          0.1935206
         9.769097          2.387051          0.1967480
         9.831192          2.243482          0.2032907
         9.893286          2.105617          0.2042200
         9.955380          2.156803          0.1968977
         10.01747          1.886203          0.1891795
         10.07957          2.167053          0.1787521
         10.14166          2.057039          0.1679750
         10.20376          2.000303          0.1619916
         10.26585          1.900977          0.1552198
         10.32795          2.028186          0.1597181
         10.39004          2.258881          0.1531521
         10.45213          2.453484          0.1501049
         10.51423          2.864813          0.1523099
         10.57632          3.206553          0.1506746
         10.63842          3.124061          0.1522475
         10.70051          3.272515          0.1537046
         10.76260          2.886106          0.1590655
         10.82470          3.120818          0.1595344
         10.88679          3.219286          0.1704441
         10.94889          3.613068          0.1728558
         11.01098          4.195041          0.1796187
         11.07308          5.149701          0.1851839
         11.13517          5.736017          0.2031370
         11.19726          8.798766          0.2062037
         11.25936          14.06377          0.2117691
         11.32145          15.66231          0.2176145
         11.38355          13.02982          0.2144685
         11.44564          9.765141          0.2130579
         11.50774          7.829337          0.2050833
         11.56983          6.463840          0.1955176
         11.63192          5.566242          0.1887819
         11.69402          4.941524          0.1947259
         11.75611          4.888539          0.1806616
         11.81821          4.409845          0.1700699
         11.88030          4.605455          0.1664156
         11.94240          4.668554          0.1662356
         12.00449          4.993029          0.1648919
         12.06658          5.450162          0.1666511
         12.12868          5.296732          0.1750519
         12.19077          5.002818          0.1769691
         12.25287          4.979549          0.1857472
         12.31496          5.170139          0.1931047
         12.37705          5.590833          0.2070941
         12.43915          5.847615          0.2033183
         12.50124          6.087202          0.2116878
         12.56334          6.731862          0.2118085
         12.62543          7.178442          0.2172497
         12.68753          7.542433          0.2300774
         12.74962          8.111821          0.2408181
         12.81171          9.572444          0.2299017
         12.87381          12.78837          0.2268483
         12.93590          9.684402          0.2201479
         12.99800          5.432103          0.2156319
         13.06009          4.388428          0.2147042
         13.12218          4.223708          0.2153128
         13.18428          3.979710          0.2063856
         13.24637          3.995260          0.2066532
         13.30847          4.393609          0.1977879
         13.37056          3.876109          0.1989968
         13.43266          4.036929          0.1966504
         13.49475          4.214267          0.2021146
         13.55684          4.070694          0.1916122
         13.61894          4.510467          0.2002718
         13.68103          4.327781          0.2105340
         13.74313          3.862662          0.2186017
         13.80522          3.526341          0.2345294
         13.86732          3.597512          0.2398188
         13.92941          3.527560          0.2524953
         13.99150          3.625973          0.2726647
         14.05360          3.718412          0.2994085
         14.11569          4.192160          0.3295028
         14.17779          4.208584          0.3338096
         14.23988          4.150143          0.3433156
         14.26661          4.021691         0.05994637
         14.35830          3.858645         0.05575554
         14.45000          3.648222         0.05581827
         14.54169          3.383693         0.05259532
         14.63338          3.414449         0.05497416
         14.72508          3.357368         0.05700421
         14.81677          3.264897         0.05594710
         14.90846          3.338094         0.05393382
         15.00015          3.296700         0.05069499
         15.09185          3.173129         0.04804109
         15.18354          3.217363         0.04962043
         15.27523          3.384389         0.04973061
         15.36693          3.328130         0.05301325
         15.45862          3.447362         0.04737458
         15.55031          5.148839         0.04678515
         15.64200          8.013233         0.04812987
         15.73370          6.283068         0.05255675
         15.82539          4.208943         0.04995392
         15.91708          4.072015         0.05388672
         16.00878          4.356256         0.05675250
         16.10047          4.215087         0.05686711
         16.19216          4.446477         0.05996907
         16.28386          4.658987         0.06232212
         16.37555          5.600842         0.06178108
         16.46724          6.928718         0.06041788
         16.55893          7.512218         0.05979993
         16.65063          6.888585         0.05749349
         16.74232          6.496719         0.05841133
         16.83401          6.726119         0.06480952
         16.92570          6.596334         0.06659222
         17.01740          6.846390         0.05706867
         17.10909          7.942778         0.06076506
         17.20078          7.960695         0.05917500
         17.29248          7.481364         0.06455702
         17.38417          7.633693         0.06207652
         17.47586          7.463284         0.06586616
         17.56756          6.977550         0.06262924
         17.65925          6.480309         0.06212156
         17.75094          6.426601         0.06477544
         17.84263          6.501787         0.06980523
         17.93433          6.387411         0.07002093
         18.02602          6.299238         0.07149172
         18.11771          5.982033         0.07210597
         18.20941          5.679625         0.07313033
         18.30110          6.114099         0.07924700
         18.39279          5.939444         0.07827836
         18.48449          6.278006         0.07923558
         18.57618          6.391202         0.08454694
         18.66787          7.032857         0.08698906
         18.75956          12.85688         0.09172293
         18.85126          15.90344         0.09210771
         18.94295          9.290130         0.08577949
         19.03464          7.439267         0.08480272
         19.12634          7.327418         0.09025552
         19.21803          7.276236         0.09494653
         19.30972          7.158151         0.09483313
         19.40141          6.906528         0.09468694
         19.49311          6.841817         0.09997103
         19.58480          7.237912         0.09679218
         19.67649          7.125970          0.1021469
         19.76819          7.365594          0.1146427
         19.85988          7.460369          0.1106173
         19.95157          7.172946          0.1073483
         20.04326          7.177952          0.1075500
         20.13496          7.208323          0.1135654
         20.22665          7.673700          0.1156591
         20.31834          7.297612          0.1126176
         20.41004          7.602522          0.1198125
         20.50173          7.843027          0.1226499
         20.52005          7.557193         0.08460295
         20.69658          8.270018         0.09298407
         20.87322          8.190153         0.07335601
         21.04995          7.911391         0.06404210
         21.22679          8.462734         0.07418531
         21.40373          8.820427         0.06805988
         21.58078          8.455090         0.05882947
         21.75792          9.017464         0.06263232
         21.93517          9.412280         0.06940822
         22.11252          9.319310         0.05932849
         22.28998          9.171658         0.06750693
         22.46754          9.698517         0.05989527
         22.64520          10.24372         0.06063873
         22.82297          9.921613         0.04758397
         23.00084          10.12511         0.04430879
         23.17881          10.62817         0.04572668
         23.35689          10.76535         0.05123676
         23.53507          10.91672         0.04842981
         23.71336          10.89239         0.04389134
         23.89176          11.05282         0.04490590
         24.07026          11.55146         0.04580241
         24.24886          11.68314         0.04768176
         24.42757          11.72886         0.04698173
         24.60638          11.85932         0.04753686
         24.78531          12.14216         0.05002824
         24.96433          12.57774         0.05188378
         25.14346          12.89048         0.05382027
         25.32270          12.93203         0.05015938
         25.50205          13.03287         0.04733346
         25.68150          13.64091         0.04919380
         25.86106          14.26153         0.05348117
         26.04073          15.07952         0.05307704
         26.22051          14.91250         0.05071758
         26.40039          14.16194         0.04869473
         26.58038          14.33263         0.04888647
         26.76048          14.75486         0.05190517
         26.94068          15.03467         0.05105048
         27.12100          15.26872         0.05454415
         27.30142          15.73582         0.05423000
         27.48195          15.74779         0.05172232
         27.66259          15.70625         0.05077611
         27.84334          16.03666         0.05330179
         28.02420          16.70260         0.05970309
         28.20517          16.60609         0.06276889
         28.38625          17.91813         0.06069645
         28.56744          17.55462         0.06150288
         28.74874          17.46487         0.05696525
         28.93015          17.74026         0.05453942
         29.11167          18.18966         0.06009651
         29.29330          18.72645         0.06973916
         29.47504          18.96891         0.06888889
         29.65689          19.38713         0.06255202
         29.83886          19.58687         0.05940346
         30.02094          20.15331         0.05882894
         30.20312          20.43597         0.06212561
         30.38542          20.70233         0.06188810
         30.56783          20.86877         0.06902488
         30.75036          21.47791         0.06930742
         30.93299          22.18440         0.07454872
         31.11574          22.18707         0.07450188
         31.29861          22.63867         0.07634318
         31.48158          22.51423         0.07668744
         31.66467          23.63546         0.08274604
         31.84788          23.86587         0.08728093
         32.03119          24.09179         0.08719288
         32.21462          24.94013          0.1004536
         32.39817          25.69849          0.1048008
         32.58183          26.20570          0.1037671
         32.76560          26.62699          0.1021060
         32.94949          26.60027          0.1112605
         33.13350          27.67834          0.1081856
         33.31762          29.63947          0.1234372
         33.50185          37.60742          0.1330165
         33.68620          49.27440          0.1522187
         33.87067          39.29707          0.1583949
         34.05526          31.80870          0.1785416
         34.23996          29.63288          0.1670079
         34.42477          30.70434          0.1670000
         34.60971          30.84223          0.1607563
         34.79476          35.75449          0.1823985
         34.97993          53.82839          0.1929747
         35.16521          51.76910          0.2053389
         35.35062          34.53137          0.1915561
         35.53614          32.06841          0.2155216
         35.72178          34.84770          0.2482301
         35.90754          34.25714          0.2905244
         36.09341          34.97189          0.3141635
         36.27941          35.58390          0.3127056
         36.46552          35.49440          0.3195859
         36.65176          35.80650          0.3345972
         36.83811          37.69272          0.3432530
