5.1265	4.60d-02	3.68d-01
5.1265	4.60d-02	3.68d-01
5.1265	4.60d-02	3.68d-01
5.1265	4.60d-02	3.68d-01
5.1265	4.60d-02	3.68d-01
5.1265	4.60d-02	3.68d-01
5.1568	5.64d-02	4.51d-01
5.1568	5.64d-02	4.51d-01
5.1568	5.64d-02	4.51d-01
5.1568	5.64d-02	4.51d-01
5.1568	5.64d-02	4.51d-01
5.1568	5.64d-02	4.51d-01
5.187	7.36d-02	5.89d-01
5.187	7.36d-02	5.89d-01
5.187	7.36d-02	5.89d-01
5.187	7.36d-02	5.89d-01
5.187	7.36d-02	5.89d-01
5.187	7.36d-02	5.89d-01
5.2172	7.24d-02	5.79d-01
5.2172	7.24d-02	5.79d-01
5.2172	7.24d-02	5.79d-01
5.2172	7.24d-02	5.79d-01
5.2172	7.24d-02	5.79d-01
5.2172	7.24d-02	5.79d-01
5.2475	7.09d-02	5.67d-01
5.2475	7.09d-02	5.67d-01
5.2475	7.09d-02	5.67d-01
5.2475	7.09d-02	5.67d-01
5.2475	7.09d-02	5.67d-01
5.2475	7.09d-02	5.67d-01
5.2777	7.24d-02	5.79d-01
5.2777	7.24d-02	5.79d-01
5.2777	7.24d-02	5.79d-01
5.2777	7.24d-02	5.79d-01
5.2777	7.24d-02	5.79d-01
5.2777	7.24d-02	5.79d-01
5.308	7.34d-02	5.87d-01
5.308	7.34d-02	5.87d-01
5.308	7.34d-02	5.87d-01
5.308	7.34d-02	5.87d-01
5.308	7.34d-02	5.87d-01
5.308	7.34d-02	5.87d-01
5.3382	7.37d-02	5.90d-01
5.3382	7.37d-02	5.90d-01
5.3382	7.37d-02	5.90d-01
5.3382	7.37d-02	5.90d-01
5.3382	7.37d-02	5.90d-01
5.3382	7.37d-02	5.90d-01
5.3685	7.51d-02	6.01d-01
5.3685	7.51d-02	6.01d-01
5.3685	7.51d-02	6.01d-01
5.3685	7.51d-02	6.01d-01
5.3685	7.51d-02	6.01d-01
5.3685	7.51d-02	6.01d-01
5.3987	7.37d-02	5.90d-01
5.3987	7.37d-02	5.90d-01
5.3987	7.37d-02	5.90d-01
5.3987	7.37d-02	5.90d-01
5.3987	7.37d-02	5.90d-01
5.3987	7.37d-02	5.90d-01
5.4289	7.31d-02	5.85d-01
5.4289	7.31d-02	5.85d-01
5.4289	7.31d-02	5.85d-01
5.4289	7.31d-02	5.85d-01
5.4289	7.31d-02	5.85d-01
5.4289	7.31d-02	5.85d-01
5.4592	6.99d-02	5.59d-01
5.4592	6.99d-02	5.59d-01
5.4592	6.99d-02	5.59d-01
5.4592	6.99d-02	5.59d-01
5.4592	6.99d-02	5.59d-01
5.4592	6.99d-02	5.59d-01
5.4894	7.08d-02	5.66d-01
5.4894	7.08d-02	5.66d-01
5.4894	7.08d-02	5.66d-01
5.4894	7.08d-02	5.66d-01
5.4894	7.08d-02	5.66d-01
5.4894	7.08d-02	5.66d-01
5.5197	6.98d-02	5.58d-01
5.5197	6.98d-02	5.58d-01
5.5197	6.98d-02	5.58d-01
5.5197	6.98d-02	5.58d-01
5.5197	6.98d-02	5.58d-01
5.5197	6.98d-02	5.58d-01
5.5499	7.06d-02	5.65d-01
5.5499	7.06d-02	5.65d-01
5.5499	7.06d-02	5.65d-01
5.5499	7.06d-02	5.65d-01
5.5499	7.06d-02	5.65d-01
5.5499	7.06d-02	5.65d-01
5.5802	7.03d-02	5.62d-01
5.5802	7.03d-02	5.62d-01
5.5802	7.03d-02	5.62d-01
5.5802	7.03d-02	5.62d-01
5.5802	7.03d-02	5.62d-01
5.5802	7.03d-02	5.62d-01
5.6104	7.16d-02	5.73d-01
5.6104	7.16d-02	5.73d-01
5.6104	7.16d-02	5.73d-01
5.6104	7.16d-02	5.73d-01
5.6104	7.16d-02	5.73d-01
5.6104	7.16d-02	5.73d-01
5.6406	7.17d-02	5.74d-01
5.6406	7.17d-02	5.74d-01
5.6406	7.17d-02	5.74d-01
5.6406	7.17d-02	5.74d-01
5.6406	7.17d-02	5.74d-01
5.6406	7.17d-02	5.74d-01
5.6709	7.23d-02	5.79d-01
5.6709	7.23d-02	5.79d-01
5.6709	7.23d-02	5.79d-01
5.6709	7.23d-02	5.79d-01
5.6709	7.23d-02	5.79d-01
5.6709	7.23d-02	5.79d-01
5.7011	7.16d-02	5.73d-01
5.7011	7.16d-02	5.73d-01
5.7011	7.16d-02	5.73d-01
5.7011	7.16d-02	5.73d-01
5.7011	7.16d-02	5.73d-01
5.7011	7.16d-02	5.73d-01
5.7314	7.17d-02	5.74d-01
5.7314	7.17d-02	5.74d-01
5.7314	7.17d-02	5.74d-01
5.7314	7.17d-02	5.74d-01
5.7314	7.17d-02	5.74d-01
5.7314	7.17d-02	5.74d-01
5.7616	7.14d-02	5.71d-01
5.7616	7.14d-02	5.71d-01
5.7616	7.14d-02	5.71d-01
5.7616	7.14d-02	5.71d-01
5.7616	7.14d-02	5.71d-01
5.7616	7.14d-02	5.71d-01
5.7918	7.20d-02	5.76d-01
5.7918	7.20d-02	5.76d-01
5.7918	7.20d-02	5.76d-01
5.7918	7.20d-02	5.76d-01
5.7918	7.20d-02	5.76d-01
5.7918	7.20d-02	5.76d-01
5.8221	7.20d-02	5.76d-01
5.8221	7.20d-02	5.76d-01
5.8221	7.20d-02	5.76d-01
5.8221	7.20d-02	5.76d-01
5.8221	7.20d-02	5.76d-01
5.8221	7.20d-02	5.76d-01
5.8523	7.21d-02	5.77d-01
5.8523	7.21d-02	5.77d-01
5.8523	7.21d-02	5.77d-01
5.8523	7.21d-02	5.77d-01
5.8523	7.21d-02	5.77d-01
5.8523	7.21d-02	5.77d-01
5.8826	7.27d-02	5.82d-01
5.8826	7.27d-02	5.82d-01
5.8826	7.27d-02	5.82d-01
5.8826	7.27d-02	5.82d-01
5.8826	7.27d-02	5.82d-01
5.8826	7.27d-02	5.82d-01
5.9128	7.34d-02	5.87d-01
5.9128	7.34d-02	5.87d-01
5.9128	7.34d-02	5.87d-01
5.9128	7.34d-02	5.87d-01
5.9128	7.34d-02	5.87d-01
5.9128	7.34d-02	5.87d-01
5.943	7.36d-02	5.89d-01
5.943	7.36d-02	5.89d-01
5.943	7.36d-02	5.89d-01
5.943	7.36d-02	5.89d-01
5.943	7.36d-02	5.89d-01
5.943	7.36d-02	5.89d-01
5.9733	7.33d-02	5.87d-01
5.9733	7.33d-02	5.87d-01
5.9733	7.33d-02	5.87d-01
5.9733	7.33d-02	5.87d-01
5.9733	7.33d-02	5.87d-01
5.9733	7.33d-02	5.87d-01
6.0035	7.35d-02	5.88d-01
6.0035	7.35d-02	5.88d-01
6.0035	7.35d-02	5.88d-01
6.0035	7.35d-02	5.88d-01
6.0035	7.35d-02	5.88d-01
6.0035	7.35d-02	5.88d-01
6.0338	7.46d-02	5.97d-01
6.0338	7.46d-02	5.97d-01
6.0338	7.46d-02	5.97d-01
6.0338	7.46d-02	5.97d-01
6.0338	7.46d-02	5.97d-01
6.0338	7.46d-02	5.97d-01
6.064	7.57d-02	6.06d-01
6.064	7.57d-02	6.06d-01
6.064	7.57d-02	6.06d-01
6.064	7.57d-02	6.06d-01
6.064	7.57d-02	6.06d-01
6.064	7.57d-02	6.06d-01
6.0943	7.71d-02	6.16d-01
6.0943	7.71d-02	6.16d-01
6.0943	7.71d-02	6.16d-01
6.0943	7.71d-02	6.16d-01
6.0943	7.71d-02	6.16d-01
6.0943	7.71d-02	6.16d-01
6.1245	7.83d-02	6.27d-01
6.1245	7.83d-02	6.27d-01
6.1245	7.83d-02	6.27d-01
6.1245	7.83d-02	6.27d-01
6.1245	7.83d-02	6.27d-01
6.1245	7.83d-02	6.27d-01
6.1547	7.95d-02	6.36d-01
6.1547	7.95d-02	6.36d-01
6.1547	7.95d-02	6.36d-01
6.1547	7.95d-02	6.36d-01
6.1547	7.95d-02	6.36d-01
6.1547	7.95d-02	6.36d-01
6.185	8.01d-02	6.41d-01
6.185	8.01d-02	6.41d-01
6.185	8.01d-02	6.41d-01
6.185	8.01d-02	6.41d-01
6.185	8.01d-02	6.41d-01
6.185	8.01d-02	6.41d-01
6.2152	7.97d-02	6.38d-01
6.2152	7.97d-02	6.38d-01
6.2152	7.97d-02	6.38d-01
6.2152	7.97d-02	6.38d-01
6.2152	7.97d-02	6.38d-01
6.2152	7.97d-02	6.38d-01
6.2455	7.97d-02	6.38d-01
6.2455	7.97d-02	6.38d-01
6.2455	7.97d-02	6.38d-01
6.2455	7.97d-02	6.38d-01
6.2455	7.97d-02	6.38d-01
6.2455	7.97d-02	6.38d-01
6.2757	8.03d-02	6.42d-01
6.2757	8.03d-02	6.42d-01
6.2757	8.03d-02	6.42d-01
6.2757	8.03d-02	6.42d-01
6.2757	8.03d-02	6.42d-01
6.2757	8.03d-02	6.42d-01
6.306	8.14d-02	6.52d-01
6.306	8.14d-02	6.52d-01
6.306	8.14d-02	6.52d-01
6.306	8.14d-02	6.52d-01
6.306	8.14d-02	6.52d-01
6.306	8.14d-02	6.52d-01
6.3362	8.13d-02	6.50d-01
6.3362	8.13d-02	6.50d-01
6.3362	8.13d-02	6.50d-01
6.3362	8.13d-02	6.50d-01
6.3362	8.13d-02	6.50d-01
6.3362	8.13d-02	6.50d-01
6.3664	8.03d-02	6.42d-01
6.3664	8.03d-02	6.42d-01
6.3664	8.03d-02	6.42d-01
6.3664	8.03d-02	6.42d-01
6.3664	8.03d-02	6.42d-01
6.3664	8.03d-02	6.42d-01
6.3967	7.92d-02	6.34d-01
6.3967	7.92d-02	6.34d-01
6.3967	7.92d-02	6.34d-01
6.3967	7.92d-02	6.34d-01
6.3967	7.92d-02	6.34d-01
6.3967	7.92d-02	6.34d-01
6.4269	8.14d-02	6.51d-01
6.4269	8.14d-02	6.51d-01
6.4269	8.14d-02	6.51d-01
6.4269	8.14d-02	6.51d-01
6.4269	8.14d-02	6.51d-01
6.4269	8.14d-02	6.51d-01
6.4572	8.09d-02	6.47d-01
6.4572	8.09d-02	6.47d-01
6.4572	8.09d-02	6.47d-01
6.4572	8.09d-02	6.47d-01
6.4572	8.09d-02	6.47d-01
6.4572	8.09d-02	6.47d-01
6.4874	7.98d-02	6.38d-01
6.4874	7.98d-02	6.38d-01
6.4874	7.98d-02	6.38d-01
6.4874	7.98d-02	6.38d-01
6.4874	7.98d-02	6.38d-01
6.4874	7.98d-02	6.38d-01
6.5177	7.60d-02	6.08d-01
6.5177	7.60d-02	6.08d-01
6.5177	7.60d-02	6.08d-01
6.5177	7.60d-02	6.08d-01
6.5177	7.60d-02	6.08d-01
6.5177	7.60d-02	6.08d-01
6.5479	7.54d-02	6.03d-01
6.5479	7.54d-02	6.03d-01
6.5479	7.54d-02	6.03d-01
6.5479	7.54d-02	6.03d-01
6.5479	7.54d-02	6.03d-01
6.5479	7.54d-02	6.03d-01
6.5781	7.58d-02	6.06d-01
6.5781	7.58d-02	6.06d-01
6.5781	7.58d-02	6.06d-01
6.5781	7.58d-02	6.06d-01
6.5781	7.58d-02	6.06d-01
6.5781	7.58d-02	6.06d-01
6.6084	7.70d-02	6.16d-01
6.6084	7.70d-02	6.16d-01
6.6084	7.70d-02	6.16d-01
6.6084	7.70d-02	6.16d-01
6.6084	7.70d-02	6.16d-01
6.6084	7.70d-02	6.16d-01
6.6386	7.74d-02	6.19d-01
6.6386	7.74d-02	6.19d-01
6.6386	7.74d-02	6.19d-01
6.6386	7.74d-02	6.19d-01
6.6386	7.74d-02	6.19d-01
6.6386	7.74d-02	6.19d-01
6.6689	7.75d-02	6.20d-01
6.6689	7.75d-02	6.20d-01
6.6689	7.75d-02	6.20d-01
6.6689	7.75d-02	6.20d-01
6.6689	7.75d-02	6.20d-01
6.6689	7.75d-02	6.20d-01
6.6991	7.57d-02	6.06d-01
6.6991	7.57d-02	6.06d-01
6.6991	7.57d-02	6.06d-01
6.6991	7.57d-02	6.06d-01
6.6991	7.57d-02	6.06d-01
6.6991	7.57d-02	6.06d-01
6.7294	7.58d-02	6.06d-01
6.7294	7.58d-02	6.06d-01
6.7294	7.58d-02	6.06d-01
6.7294	7.58d-02	6.06d-01
6.7294	7.58d-02	6.06d-01
6.7294	7.58d-02	6.06d-01
6.7596	7.52d-02	6.02d-01
6.7596	7.52d-02	6.02d-01
6.7596	7.52d-02	6.02d-01
6.7596	7.52d-02	6.02d-01
6.7596	7.52d-02	6.02d-01
6.7596	7.52d-02	6.02d-01
6.7898	7.61d-02	6.09d-01
6.7898	7.61d-02	6.09d-01
6.7898	7.61d-02	6.09d-01
6.7898	7.61d-02	6.09d-01
6.7898	7.61d-02	6.09d-01
6.7898	7.61d-02	6.09d-01
6.8201	7.65d-02	6.12d-01
6.8201	7.65d-02	6.12d-01
6.8201	7.65d-02	6.12d-01
6.8201	7.65d-02	6.12d-01
6.8201	7.65d-02	6.12d-01
6.8201	7.65d-02	6.12d-01
6.8503	7.73d-02	6.18d-01
6.8503	7.73d-02	6.18d-01
6.8503	7.73d-02	6.18d-01
6.8503	7.73d-02	6.18d-01
6.8503	7.73d-02	6.18d-01
6.8503	7.73d-02	6.18d-01
6.8806	7.87d-02	6.29d-01
6.8806	7.87d-02	6.29d-01
6.8806	7.87d-02	6.29d-01
6.8806	7.87d-02	6.29d-01
6.8806	7.87d-02	6.29d-01
6.8806	7.87d-02	6.29d-01
6.9108	8.02d-02	6.42d-01
6.9108	8.02d-02	6.42d-01
6.9108	8.02d-02	6.42d-01
6.9108	8.02d-02	6.42d-01
6.9108	8.02d-02	6.42d-01
6.9108	8.02d-02	6.42d-01
6.941	8.36d-02	6.69d-01
6.941	8.36d-02	6.69d-01
6.941	8.36d-02	6.69d-01
6.941	8.36d-02	6.69d-01
6.941	8.36d-02	6.69d-01
6.941	8.36d-02	6.69d-01
6.9713	8.58d-02	6.87d-01
6.9713	8.58d-02	6.87d-01
6.9713	8.58d-02	6.87d-01
6.9713	8.58d-02	6.87d-01
6.9713	8.58d-02	6.87d-01
6.9713	8.58d-02	6.87d-01
7.0015	8.58d-02	6.86d-01
7.0015	8.58d-02	6.86d-01
7.0015	8.58d-02	6.86d-01
7.0015	8.58d-02	6.86d-01
7.0015	8.58d-02	6.86d-01
7.0015	8.58d-02	6.86d-01
7.0318	8.37d-02	6.69d-01
7.0318	8.37d-02	6.69d-01
7.0318	8.37d-02	6.69d-01
7.0318	8.37d-02	6.69d-01
7.0318	8.37d-02	6.69d-01
7.0318	8.37d-02	6.69d-01
7.062	8.17d-02	6.54d-01
7.062	8.17d-02	6.54d-01
7.062	8.17d-02	6.54d-01
7.062	8.17d-02	6.54d-01
7.062	8.17d-02	6.54d-01
7.062	8.17d-02	6.54d-01
7.0922	8.16d-02	6.53d-01
7.0922	8.16d-02	6.53d-01
7.0922	8.16d-02	6.53d-01
7.0922	8.16d-02	6.53d-01
7.0922	8.16d-02	6.53d-01
7.0922	8.16d-02	6.53d-01
7.1225	8.10d-02	6.48d-01
7.1225	8.10d-02	6.48d-01
7.1225	8.10d-02	6.48d-01
7.1225	8.10d-02	6.48d-01
7.1225	8.10d-02	6.48d-01
7.1225	8.10d-02	6.48d-01
7.1527	7.99d-02	6.39d-01
7.1527	7.99d-02	6.39d-01
7.1527	7.99d-02	6.39d-01
7.1527	7.99d-02	6.39d-01
7.1527	7.99d-02	6.39d-01
7.1527	7.99d-02	6.39d-01
7.183	7.86d-02	6.29d-01
7.183	7.86d-02	6.29d-01
7.183	7.86d-02	6.29d-01
7.183	7.86d-02	6.29d-01
7.183	7.86d-02	6.29d-01
7.183	7.86d-02	6.29d-01
7.2132	7.84d-02	6.27d-01
7.2132	7.84d-02	6.27d-01
7.2132	7.84d-02	6.27d-01
7.2132	7.84d-02	6.27d-01
7.2132	7.84d-02	6.27d-01
7.2132	7.84d-02	6.27d-01
7.2435	8.00d-02	6.40d-01
7.2435	8.00d-02	6.40d-01
7.2435	8.00d-02	6.40d-01
7.2435	8.00d-02	6.40d-01
7.2435	8.00d-02	6.40d-01
7.2435	8.00d-02	6.40d-01
7.2737	8.13d-02	6.50d-01
7.2737	8.13d-02	6.50d-01
7.2737	8.13d-02	6.50d-01
7.2737	8.13d-02	6.50d-01
7.2737	8.13d-02	6.50d-01
7.2737	8.13d-02	6.50d-01
7.3039	7.47d-02	5.98d-01
7.3039	7.47d-02	5.98d-01
7.3039	7.47d-02	5.98d-01
7.3039	7.47d-02	5.98d-01
7.3039	7.47d-02	5.98d-01
7.3039	7.47d-02	5.98d-01
7.3342	7.50d-02	6.00d-01
7.3342	7.50d-02	6.00d-01
7.3342	7.50d-02	6.00d-01
7.3342	7.50d-02	6.00d-01
7.3342	7.50d-02	6.00d-01
7.3342	7.50d-02	6.00d-01
7.3342	7.50d-02	6.00d-01
7.3342	7.50d-02	6.00d-01
7.3342	7.50d-02	6.00d-01
7.3342	7.50d-02	6.00d-01
7.3342	7.50d-02	6.00d-01
7.3342	7.50d-02	6.00d-01
7.3644	7.13d-02	5.70d-01
7.3644	7.13d-02	5.70d-01
7.3644	7.13d-02	5.70d-01
7.3644	7.13d-02	5.70d-01
7.3644	7.13d-02	5.70d-01
7.3644	7.13d-02	5.70d-01
7.3947	7.55d-02	6.04d-01
7.3947	7.55d-02	6.04d-01
7.3947	7.55d-02	6.04d-01
7.3947	7.55d-02	6.04d-01
7.3947	7.55d-02	6.04d-01
7.3947	7.55d-02	6.04d-01
7.3947	7.55d-02	6.04d-01
7.3947	7.55d-02	6.04d-01
7.3947	7.55d-02	6.04d-01
7.3947	7.55d-02	6.04d-01
7.3947	7.55d-02	6.04d-01
7.3947	7.55d-02	6.04d-01
7.4249	7.15d-02	5.72d-01
7.4249	7.15d-02	5.72d-01
7.4249	7.15d-02	5.72d-01
7.4249	7.15d-02	5.72d-01
7.4249	7.15d-02	5.72d-01
7.4249	7.15d-02	5.72d-01
7.4552	7.53d-02	6.03d-01
7.4552	7.53d-02	6.03d-01
7.4552	7.53d-02	6.03d-01
7.4552	7.53d-02	6.03d-01
7.4552	7.53d-02	6.03d-01
7.4552	7.53d-02	6.03d-01
7.4552	7.53d-02	6.03d-01
7.4552	7.53d-02	6.03d-01
7.4552	7.53d-02	6.03d-01
7.4552	7.53d-02	6.03d-01
7.4552	7.53d-02	6.03d-01
7.4552	7.53d-02	6.03d-01
7.4552	7.53d-02	6.03d-01
7.4552	7.53d-02	6.03d-01
7.4552	7.53d-02	6.03d-01
7.4552	7.53d-02	6.03d-01
7.4552	7.53d-02	6.03d-01
7.4854	7.40d-02	5.92d-01
7.4854	7.40d-02	5.92d-01
7.4854	7.40d-02	5.92d-01
7.4854	7.40d-02	5.92d-01
7.4854	7.40d-02	5.92d-01
7.4854	7.40d-02	5.92d-01
7.5156	7.88d-02	6.30d-01
7.5156	7.88d-02	6.30d-01
7.5156	7.88d-02	6.30d-01
7.5156	7.88d-02	6.30d-01
7.5156	7.88d-02	6.30d-01
7.5156	7.88d-02	6.30d-01
7.5156	7.88d-02	6.30d-01
7.5156	7.88d-02	6.30d-01
7.5156	7.88d-02	6.30d-01
7.5156	7.88d-02	6.30d-01
7.5156	7.88d-02	6.30d-01
7.5156	7.88d-02	6.30d-01
7.5156	7.88d-02	6.30d-01
7.5156	7.88d-02	6.30d-01
7.5156	7.88d-02	6.30d-01
7.5156	7.88d-02	6.30d-01
7.5156	7.88d-02	6.30d-01
7.5459	7.61d-02	6.09d-01
7.5459	7.61d-02	6.09d-01
7.5459	7.61d-02	6.09d-01
7.5459	7.61d-02	6.09d-01
7.5459	7.61d-02	6.09d-01
7.5459	7.61d-02	6.09d-01
7.5761	7.61d-02	6.09d-01
7.5761	7.61d-02	6.09d-01
7.5761	7.61d-02	6.09d-01
7.5761	7.61d-02	6.09d-01
7.5761	7.61d-02	6.09d-01
7.5761	7.61d-02	6.09d-01
7.5761	7.61d-02	6.09d-01
7.5761	7.61d-02	6.09d-01
7.5761	7.61d-02	6.09d-01
7.5761	7.61d-02	6.09d-01
7.5761	7.61d-02	6.09d-01
7.5761	7.61d-02	6.09d-01
7.5761	7.61d-02	6.09d-01
7.5761	7.61d-02	6.09d-01
7.5761	7.61d-02	6.09d-01
7.5761	7.61d-02	6.09d-01
7.5761	7.61d-02	6.09d-01
7.6064	7.14d-02	5.71d-01
7.6064	7.14d-02	5.71d-01
7.6064	7.14d-02	5.71d-01
7.6064	7.14d-02	5.71d-01
7.6064	7.14d-02	5.71d-01
7.6064	7.14d-02	5.71d-01
7.6366	6.81d-02	5.45d-01
7.6366	6.81d-02	5.45d-01
7.6366	6.81d-02	5.45d-01
7.6366	6.81d-02	5.45d-01
7.6366	6.81d-02	5.45d-01
7.6366	6.81d-02	5.45d-01
7.6366	6.81d-02	5.45d-01
7.6366	6.81d-02	5.45d-01
7.6366	6.81d-02	5.45d-01
7.6366	6.81d-02	5.45d-01
7.6366	6.81d-02	5.45d-01
7.6971	6.73d-02	5.38d-01
7.6971	6.73d-02	5.38d-01
7.6971	6.73d-02	5.38d-01
7.6971	6.73d-02	5.38d-01
7.6971	6.73d-02	5.38d-01
7.6971	6.73d-02	5.38d-01
7.6971	6.73d-02	5.38d-01
7.6971	6.73d-02	5.38d-01
7.6971	6.73d-02	5.38d-01
7.6971	6.73d-02	5.38d-01
7.6971	6.73d-02	5.38d-01
7.7576	6.80d-02	5.44d-01
7.7576	6.80d-02	5.44d-01
7.7576	6.80d-02	5.44d-01
7.7576	6.80d-02	5.44d-01
7.7576	6.80d-02	5.44d-01
7.7576	6.80d-02	5.44d-01
7.7576	6.80d-02	5.44d-01
7.7576	6.80d-02	5.44d-01
7.7576	6.80d-02	5.44d-01
7.7576	6.80d-02	5.44d-01
7.7576	6.80d-02	5.44d-01
7.818	6.84d-02	5.47d-01
7.818	6.84d-02	5.47d-01
7.818	6.84d-02	5.47d-01
7.818	6.84d-02	5.47d-01
7.818	6.84d-02	5.47d-01
7.818	6.84d-02	5.47d-01
7.818	6.84d-02	5.47d-01
7.818	6.84d-02	5.47d-01
7.818	6.84d-02	5.47d-01
7.818	6.84d-02	5.47d-01
7.818	6.84d-02	5.47d-01
7.8785	6.74d-02	5.39d-01
7.8785	6.74d-02	5.39d-01
7.8785	6.74d-02	5.39d-01
7.8785	6.74d-02	5.39d-01
7.8785	6.74d-02	5.39d-01
7.8785	6.74d-02	5.39d-01
7.8785	6.74d-02	5.39d-01
7.8785	6.74d-02	5.39d-01
7.8785	6.74d-02	5.39d-01
7.8785	6.74d-02	5.39d-01
7.8785	6.74d-02	5.39d-01
7.939	6.65d-02	5.32d-01
7.939	6.65d-02	5.32d-01
7.939	6.65d-02	5.32d-01
7.939	6.65d-02	5.32d-01
7.939	6.65d-02	5.32d-01
7.939	6.65d-02	5.32d-01
7.939	6.65d-02	5.32d-01
7.939	6.65d-02	5.32d-01
7.939	6.65d-02	5.32d-01
7.939	6.65d-02	5.32d-01
7.939	6.65d-02	5.32d-01
7.9995	6.61d-02	5.29d-01
7.9995	6.61d-02	5.29d-01
7.9995	6.61d-02	5.29d-01
7.9995	6.61d-02	5.29d-01
7.9995	6.61d-02	5.29d-01
7.9995	6.61d-02	5.29d-01
7.9995	6.61d-02	5.29d-01
7.9995	6.61d-02	5.29d-01
7.9995	6.61d-02	5.29d-01
7.9995	6.61d-02	5.29d-01
7.9995	6.61d-02	5.29d-01
8.06	6.57d-02	5.25d-01
8.06	6.57d-02	5.25d-01
8.06	6.57d-02	5.25d-01
8.06	6.57d-02	5.25d-01
8.06	6.57d-02	5.25d-01
8.06	6.57d-02	5.25d-01
8.06	6.57d-02	5.25d-01
8.06	6.57d-02	5.25d-01
8.06	6.57d-02	5.25d-01
8.06	6.57d-02	5.25d-01
8.06	6.57d-02	5.25d-01
8.1205	6.41d-02	5.12d-01
8.1205	6.41d-02	5.12d-01
8.1205	6.41d-02	5.12d-01
8.1205	6.41d-02	5.12d-01
8.1205	6.41d-02	5.12d-01
8.1205	6.41d-02	5.12d-01
8.1205	6.41d-02	5.12d-01
8.1205	6.41d-02	5.12d-01
8.1205	6.41d-02	5.12d-01
8.1205	6.41d-02	5.12d-01
8.1205	6.41d-02	5.12d-01
8.181	6.35d-02	5.08d-01
8.181	6.35d-02	5.08d-01
8.181	6.35d-02	5.08d-01
8.181	6.35d-02	5.08d-01
8.181	6.35d-02	5.08d-01
8.181	6.35d-02	5.08d-01
8.181	6.35d-02	5.08d-01
8.181	6.35d-02	5.08d-01
8.181	6.35d-02	5.08d-01
8.181	6.35d-02	5.08d-01
8.181	6.35d-02	5.08d-01
8.2414	6.48d-02	5.18d-01
8.2414	6.48d-02	5.18d-01
8.2414	6.48d-02	5.18d-01
8.2414	6.48d-02	5.18d-01
8.2414	6.48d-02	5.18d-01
8.2414	6.48d-02	5.18d-01
8.2414	6.48d-02	5.18d-01
8.2414	6.48d-02	5.18d-01
8.2414	6.48d-02	5.18d-01
8.2414	6.48d-02	5.18d-01
8.2414	6.48d-02	5.18d-01
8.3019	6.43d-02	5.15d-01
8.3019	6.43d-02	5.15d-01
8.3019	6.43d-02	5.15d-01
8.3019	6.43d-02	5.15d-01
8.3019	6.43d-02	5.15d-01
8.3019	6.43d-02	5.15d-01
8.3019	6.43d-02	5.15d-01
8.3019	6.43d-02	5.15d-01
8.3019	6.43d-02	5.15d-01
8.3019	6.43d-02	5.15d-01
8.3019	6.43d-02	5.15d-01
8.3624	6.35d-02	5.08d-01
8.3624	6.35d-02	5.08d-01
8.3624	6.35d-02	5.08d-01
8.3624	6.35d-02	5.08d-01
8.3624	6.35d-02	5.08d-01
8.3624	6.35d-02	5.08d-01
8.3624	6.35d-02	5.08d-01
8.3624	6.35d-02	5.08d-01
8.3624	6.35d-02	5.08d-01
8.3624	6.35d-02	5.08d-01
8.3624	6.35d-02	5.08d-01
8.4229	6.47d-02	5.18d-01
8.4229	6.47d-02	5.18d-01
8.4229	6.47d-02	5.18d-01
8.4229	6.47d-02	5.18d-01
8.4229	6.47d-02	5.18d-01
8.4229	6.47d-02	5.18d-01
8.4229	6.47d-02	5.18d-01
8.4229	6.47d-02	5.18d-01
8.4229	6.47d-02	5.18d-01
8.4229	6.47d-02	5.18d-01
8.4229	6.47d-02	5.18d-01
8.4834	6.35d-02	5.08d-01
8.4834	6.35d-02	5.08d-01
8.4834	6.35d-02	5.08d-01
8.4834	6.35d-02	5.08d-01
8.4834	6.35d-02	5.08d-01
8.4834	6.35d-02	5.08d-01
8.4834	6.35d-02	5.08d-01
8.4834	6.35d-02	5.08d-01
8.4834	6.35d-02	5.08d-01
8.4834	6.35d-02	5.08d-01
8.4834	6.35d-02	5.08d-01
8.5439	6.60d-02	5.28d-01
8.5439	6.60d-02	5.28d-01
8.5439	6.60d-02	5.28d-01
8.5439	6.60d-02	5.28d-01
8.5439	6.60d-02	5.28d-01
8.5439	6.60d-02	5.28d-01
8.5439	6.60d-02	5.28d-01
8.5439	6.60d-02	5.28d-01
8.5439	6.60d-02	5.28d-01
8.5439	6.60d-02	5.28d-01
8.5439	6.60d-02	5.28d-01
8.6043	6.73d-02	5.39d-01
8.6043	6.73d-02	5.39d-01
8.6043	6.73d-02	5.39d-01
8.6043	6.73d-02	5.39d-01
8.6043	6.73d-02	5.39d-01
8.6043	6.73d-02	5.39d-01
8.6043	6.73d-02	5.39d-01
8.6043	6.73d-02	5.39d-01
8.6043	6.73d-02	5.39d-01
8.6043	6.73d-02	5.39d-01
8.6043	6.73d-02	5.39d-01
8.6648	5.55d-02	4.44d-01
8.6648	5.55d-02	4.44d-01
8.6648	5.55d-02	4.44d-01
8.6648	5.55d-02	4.44d-01
8.6648	5.55d-02	4.44d-01
8.6648	5.55d-02	4.44d-01
8.6648	5.55d-02	4.44d-01
8.6648	5.55d-02	4.44d-01
8.6648	5.55d-02	4.44d-01
8.6648	5.55d-02	4.44d-01
8.6648	5.55d-02	4.44d-01
8.7253	7.67d-02	6.14d-01
8.7253	7.67d-02	6.14d-01
8.7253	7.67d-02	6.14d-01
8.7253	7.67d-02	6.14d-01
8.7253	7.67d-02	6.14d-01
8.7858	7.54d-02	6.03d-01
8.7858	7.54d-02	6.03d-01
8.7858	7.54d-02	6.03d-01
8.7858	7.54d-02	6.03d-01
8.7858	7.54d-02	6.03d-01
8.8463	7.67d-02	6.14d-01
8.8463	7.67d-02	6.14d-01
8.8463	7.67d-02	6.14d-01
8.8463	7.67d-02	6.14d-01
8.8463	7.67d-02	6.14d-01
8.9068	7.88d-02	6.31d-01
8.9068	7.88d-02	6.31d-01
8.9068	7.88d-02	6.31d-01
8.9068	7.88d-02	6.31d-01
8.9068	7.88d-02	6.31d-01
8.9672	8.04d-02	6.43d-01
8.9672	8.04d-02	6.43d-01
8.9672	8.04d-02	6.43d-01
8.9672	8.04d-02	6.43d-01
8.9672	8.04d-02	6.43d-01
9.0277	8.29d-02	6.63d-01
9.0277	8.29d-02	6.63d-01
9.0277	8.29d-02	6.63d-01
9.0277	8.29d-02	6.63d-01
9.0277	8.29d-02	6.63d-01
9.0882	8.32d-02	6.66d-01
9.0882	8.32d-02	6.66d-01
9.0882	8.32d-02	6.66d-01
9.0882	8.32d-02	6.66d-01
9.0882	8.32d-02	6.66d-01
9.1487	8.52d-02	6.81d-01
9.1487	8.52d-02	6.81d-01
9.1487	8.52d-02	6.81d-01
9.1487	8.52d-02	6.81d-01
9.1487	8.52d-02	6.81d-01
9.2092	8.66d-02	6.93d-01
9.2092	8.66d-02	6.93d-01
9.2092	8.66d-02	6.93d-01
9.2092	8.66d-02	6.93d-01
9.2092	8.66d-02	6.93d-01
9.2697	9.01d-02	7.20d-01
9.2697	9.01d-02	7.20d-01
9.2697	9.01d-02	7.20d-01
9.2697	9.01d-02	7.20d-01
9.2697	9.01d-02	7.20d-01
9.3301	9.37d-02	7.49d-01
9.3301	9.37d-02	7.49d-01
9.3301	9.37d-02	7.49d-01
9.3301	9.37d-02	7.49d-01
9.3301	9.37d-02	7.49d-01
9.3906	9.74d-02	7.79d-01
9.3906	9.74d-02	7.79d-01
9.3906	9.74d-02	7.79d-01
9.3906	9.74d-02	7.79d-01
9.3906	9.74d-02	7.79d-01
9.4511	1.00d-01	8.01d-01
9.4511	1.00d-01	8.01d-01
9.4511	1.00d-01	8.01d-01
9.4511	1.00d-01	8.01d-01
9.4511	1.00d-01	8.01d-01
9.5116	1.02d-01	8.14d-01
9.5116	1.02d-01	8.14d-01
9.5116	1.02d-01	8.14d-01
9.5116	1.02d-01	8.14d-01
9.5116	1.02d-01	8.14d-01
9.5721	1.08d-01	8.67d-01
9.5721	1.08d-01	8.67d-01
9.5721	1.08d-01	8.67d-01
9.5721	1.08d-01	8.67d-01
9.5721	1.08d-01	8.67d-01
9.6326	1.15d-01	9.18d-01
9.6326	1.15d-01	9.18d-01
9.6326	1.15d-01	9.18d-01
9.6326	1.15d-01	9.18d-01
9.6326	1.15d-01	9.18d-01
9.6931	1.17d-01	9.36d-01
9.6931	1.17d-01	9.36d-01
9.6931	1.17d-01	9.36d-01
9.6931	1.17d-01	9.36d-01
9.6931	1.17d-01	9.36d-01
9.7535	1.15d-01	9.22d-01
9.7535	1.15d-01	9.22d-01
9.7535	1.15d-01	9.22d-01
9.7535	1.15d-01	9.22d-01
9.7535	1.15d-01	9.22d-01
9.814	1.18d-01	9.43d-01
9.814	1.18d-01	9.43d-01
9.814	1.18d-01	9.43d-01
9.814	1.18d-01	9.43d-01
9.814	1.18d-01	9.43d-01
9.8745	1.21d-01	9.68d-01
9.8745	1.21d-01	9.68d-01
9.8745	1.21d-01	9.68d-01
9.8745	1.21d-01	9.68d-01
9.8745	1.21d-01	9.68d-01
9.935	1.22d-01	9.79d-01
9.935	1.22d-01	9.79d-01
9.935	1.22d-01	9.79d-01
9.935	1.22d-01	9.79d-01
9.935	1.22d-01	9.79d-01
9.9955	1.27d-01	1.01d+00
9.9955	1.27d-01	1.01d+00
9.9955	1.27d-01	1.01d+00
9.9955	1.27d-01	1.01d+00
9.9955	1.27d-01	1.01d+00
10.056	1.29d-01	1.03d+00
10.056	1.29d-01	1.03d+00
10.056	1.29d-01	1.03d+00
10.056	1.29d-01	1.03d+00
10.056	1.29d-01	1.03d+00
10.1164	1.29d-01	1.03d+00
10.1164	1.29d-01	1.03d+00
10.1164	1.29d-01	1.03d+00
10.1164	1.29d-01	1.03d+00
10.1164	1.29d-01	1.03d+00
10.1769	1.32d-01	1.05d+00
10.1769	1.32d-01	1.05d+00
10.1769	1.32d-01	1.05d+00
10.1769	1.32d-01	1.05d+00
10.1769	1.32d-01	1.05d+00
10.2374	1.33d-01	1.06d+00
10.2374	1.33d-01	1.06d+00
10.2374	1.33d-01	1.06d+00
10.2374	1.33d-01	1.06d+00
10.2374	1.33d-01	1.06d+00
10.2979	1.32d-01	1.06d+00
10.2979	1.32d-01	1.06d+00
10.2979	1.32d-01	1.06d+00
10.2979	1.32d-01	1.06d+00
10.2979	1.32d-01	1.06d+00
10.3584	1.35d-01	1.08d+00
10.3584	1.35d-01	1.08d+00
10.3584	1.35d-01	1.08d+00
10.3584	1.35d-01	1.08d+00
10.3584	1.35d-01	1.08d+00
10.4188	1.39d-01	1.11d+00
10.4188	1.39d-01	1.11d+00
10.4188	1.39d-01	1.11d+00
10.4188	1.39d-01	1.11d+00
10.4188	1.39d-01	1.11d+00
10.4793	1.42d-01	1.14d+00
10.4793	1.42d-01	1.14d+00
10.4793	1.42d-01	1.14d+00
10.4793	1.42d-01	1.14d+00
10.4793	1.42d-01	1.14d+00
10.5398	1.43d-01	1.15d+00
10.5398	1.43d-01	1.15d+00
10.5398	1.43d-01	1.15d+00
10.5398	1.43d-01	1.15d+00
10.5398	1.43d-01	1.15d+00
10.6003	1.43d-01	1.14d+00
10.6003	1.43d-01	1.14d+00
10.6003	1.43d-01	1.14d+00
10.6003	1.43d-01	1.14d+00
10.6003	1.43d-01	1.14d+00
10.6608	1.43d-01	1.14d+00
10.6608	1.43d-01	1.14d+00
10.6608	1.43d-01	1.14d+00
10.6608	1.43d-01	1.14d+00
10.6608	1.43d-01	1.14d+00
10.7213	1.43d-01	1.15d+00
10.7213	1.43d-01	1.15d+00
10.7213	1.43d-01	1.15d+00
10.7213	1.43d-01	1.15d+00
10.7213	1.43d-01	1.15d+00
10.7817	1.45d-01	1.16d+00
10.7817	1.45d-01	1.16d+00
10.7817	1.45d-01	1.16d+00
10.7817	1.45d-01	1.16d+00
10.7817	1.45d-01	1.16d+00
10.8422	1.45d-01	1.16d+00
10.8422	1.45d-01	1.16d+00
10.8422	1.45d-01	1.16d+00
10.8422	1.45d-01	1.16d+00
10.8422	1.45d-01	1.16d+00
10.9027	1.47d-01	1.18d+00
10.9027	1.47d-01	1.18d+00
10.9027	1.47d-01	1.18d+00
10.9027	1.47d-01	1.18d+00
10.9027	1.47d-01	1.18d+00
10.9632	1.49d-01	1.19d+00
10.9632	1.49d-01	1.19d+00
10.9632	1.49d-01	1.19d+00
10.9632	1.49d-01	1.19d+00
10.9632	1.49d-01	1.19d+00
11.0237	1.49d-01	1.19d+00
11.0237	1.49d-01	1.19d+00
11.0237	1.49d-01	1.19d+00
11.0237	1.49d-01	1.19d+00
11.0237	1.49d-01	1.19d+00
11.0842	1.54d-01	1.23d+00
11.0842	1.54d-01	1.23d+00
11.0842	1.54d-01	1.23d+00
11.0842	1.54d-01	1.23d+00
11.0842	1.54d-01	1.23d+00
11.1447	1.65d-01	1.32d+00
11.1447	1.65d-01	1.32d+00
11.1447	1.65d-01	1.32d+00
11.1447	1.65d-01	1.32d+00
11.1447	1.65d-01	1.32d+00
11.2051	1.88d-01	1.50d+00
11.2051	1.88d-01	1.50d+00
11.2051	1.88d-01	1.50d+00
11.2051	1.88d-01	1.50d+00
11.2051	1.88d-01	1.50d+00
11.2656	1.98d-01	1.58d+00
11.2656	1.98d-01	1.58d+00
11.2656	1.98d-01	1.58d+00
11.2656	1.98d-01	1.58d+00
11.2656	1.98d-01	1.58d+00
11.3261	1.86d-01	1.49d+00
11.3261	1.86d-01	1.49d+00
11.3261	1.86d-01	1.49d+00
11.3261	1.86d-01	1.49d+00
11.3261	1.86d-01	1.49d+00
11.3866	1.71d-01	1.37d+00
11.3866	1.71d-01	1.37d+00
11.3866	1.71d-01	1.37d+00
11.3866	1.71d-01	1.37d+00
11.3866	1.71d-01	1.37d+00
11.4471	1.63d-01	1.30d+00
11.4471	1.63d-01	1.30d+00
11.4471	1.63d-01	1.30d+00
11.4471	1.63d-01	1.30d+00
11.4471	1.63d-01	1.30d+00
11.5076	1.57d-01	1.26d+00
11.5076	1.57d-01	1.26d+00
11.5076	1.57d-01	1.26d+00
11.5076	1.57d-01	1.26d+00
11.5076	1.57d-01	1.26d+00
11.568	1.50d-01	1.20d+00
11.568	1.50d-01	1.20d+00
11.568	1.50d-01	1.20d+00
11.568	1.50d-01	1.20d+00
11.568	1.50d-01	1.20d+00
11.6285	1.49d-01	1.19d+00
11.6285	1.49d-01	1.19d+00
11.6285	1.49d-01	1.19d+00
11.6285	1.49d-01	1.19d+00
11.6285	1.49d-01	1.19d+00
11.689	1.45d-01	1.16d+00
11.689	1.45d-01	1.16d+00
11.689	1.45d-01	1.16d+00
11.689	1.45d-01	1.16d+00
11.689	1.45d-01	1.16d+00
11.7495	1.43d-01	1.15d+00
11.7495	1.43d-01	1.15d+00
11.7495	1.43d-01	1.15d+00
11.7495	1.43d-01	1.15d+00
11.7495	1.43d-01	1.15d+00
11.81	1.42d-01	1.14d+00
11.81	1.42d-01	1.14d+00
11.81	1.42d-01	1.14d+00
11.81	1.42d-01	1.14d+00
11.81	1.42d-01	1.14d+00
11.8705	1.47d-01	1.18d+00
11.8705	1.47d-01	1.18d+00
11.8705	1.47d-01	1.18d+00
11.8705	1.47d-01	1.18d+00
11.8705	1.47d-01	1.18d+00
11.9309	1.46d-01	1.17d+00
11.9309	1.46d-01	1.17d+00
11.9309	1.46d-01	1.17d+00
11.9309	1.46d-01	1.17d+00
11.9309	1.46d-01	1.17d+00
11.9914	1.44d-01	1.15d+00
11.9914	1.44d-01	1.15d+00
11.9914	1.44d-01	1.15d+00
11.9914	1.44d-01	1.15d+00
11.9914	1.44d-01	1.15d+00
12.0519	1.42d-01	1.13d+00
12.0519	1.42d-01	1.13d+00
12.0519	1.42d-01	1.13d+00
12.0519	1.42d-01	1.13d+00
12.0519	1.42d-01	1.13d+00
12.1124	1.41d-01	1.13d+00
12.1124	1.41d-01	1.13d+00
12.1124	1.41d-01	1.13d+00
12.1124	1.41d-01	1.13d+00
12.1124	1.41d-01	1.13d+00
12.1729	1.40d-01	1.12d+00
12.1729	1.40d-01	1.12d+00
12.1729	1.40d-01	1.12d+00
12.1729	1.40d-01	1.12d+00
12.1729	1.40d-01	1.12d+00
12.2334	1.41d-01	1.13d+00
12.2334	1.41d-01	1.13d+00
12.2334	1.41d-01	1.13d+00
12.2334	1.41d-01	1.13d+00
12.2334	1.41d-01	1.13d+00
12.2938	1.40d-01	1.12d+00
12.2938	1.40d-01	1.12d+00
12.2938	1.40d-01	1.12d+00
12.2938	1.40d-01	1.12d+00
12.2938	1.40d-01	1.12d+00
12.3543	1.40d-01	1.12d+00
12.3543	1.40d-01	1.12d+00
12.3543	1.40d-01	1.12d+00
12.3543	1.40d-01	1.12d+00
12.3543	1.40d-01	1.12d+00
12.4148	1.41d-01	1.13d+00
12.4148	1.41d-01	1.13d+00
12.4148	1.41d-01	1.13d+00
12.4148	1.41d-01	1.13d+00
12.4148	1.41d-01	1.13d+00
12.4753	1.39d-01	1.12d+00
12.4753	1.39d-01	1.12d+00
12.4753	1.39d-01	1.12d+00
12.4753	1.39d-01	1.12d+00
12.4753	1.39d-01	1.12d+00
12.5358	1.39d-01	1.11d+00
12.5358	1.39d-01	1.11d+00
12.5358	1.39d-01	1.11d+00
12.5358	1.39d-01	1.11d+00
12.5358	1.39d-01	1.11d+00
12.5963	1.39d-01	1.12d+00
12.5963	1.39d-01	1.12d+00
12.5963	1.39d-01	1.12d+00
12.5963	1.39d-01	1.12d+00
12.5963	1.39d-01	1.12d+00
12.6567	1.41d-01	1.13d+00
12.6567	1.41d-01	1.13d+00
12.6567	1.41d-01	1.13d+00
12.6567	1.41d-01	1.13d+00
12.6567	1.41d-01	1.13d+00
12.7172	1.52d-01	1.21d+00
12.7172	1.52d-01	1.21d+00
12.7172	1.52d-01	1.21d+00
12.7172	1.52d-01	1.21d+00
12.7172	1.52d-01	1.21d+00
12.7777	1.79d-01	1.43d+00
12.7777	1.79d-01	1.43d+00
12.7777	1.79d-01	1.43d+00
12.7777	1.79d-01	1.43d+00
12.7777	1.79d-01	1.43d+00
12.8382	1.84d-01	1.47d+00
12.8382	1.84d-01	1.47d+00
12.8382	1.84d-01	1.47d+00
12.8382	1.84d-01	1.47d+00
12.8382	1.84d-01	1.47d+00
12.8987	1.48d-01	1.19d+00
12.8987	1.48d-01	1.19d+00
12.8987	1.48d-01	1.19d+00
12.8987	1.48d-01	1.19d+00
12.8987	1.48d-01	1.19d+00
12.9592	1.28d-01	1.03d+00
12.9592	1.28d-01	1.03d+00
12.9592	1.28d-01	1.03d+00
12.9592	1.28d-01	1.03d+00
12.9592	1.28d-01	1.03d+00
13.0197	1.29d-01	1.03d+00
13.0197	1.29d-01	1.03d+00
13.0197	1.29d-01	1.03d+00
13.0197	1.29d-01	1.03d+00
13.0197	1.29d-01	1.03d+00
13.0801	1.27d-01	1.01d+00
13.0801	1.27d-01	1.01d+00
13.0801	1.27d-01	1.01d+00
13.0801	1.27d-01	1.01d+00
13.0801	1.27d-01	1.01d+00
13.1406	1.27d-01	1.02d+00
13.1406	1.27d-01	1.02d+00
13.1406	1.27d-01	1.02d+00
13.1406	1.27d-01	1.02d+00
13.1406	1.27d-01	1.02d+00
13.2011	1.29d-01	1.03d+00
13.2011	1.29d-01	1.03d+00
13.2011	1.29d-01	1.03d+00
13.2011	1.29d-01	1.03d+00
13.2011	1.29d-01	1.03d+00
13.2616	1.25d-01	1.00d+00
13.2616	1.25d-01	1.00d+00
13.2616	1.25d-01	1.00d+00
13.2616	1.25d-01	1.00d+00
13.2616	1.25d-01	1.00d+00
13.3221	1.26d-01	1.01d+00
13.3221	1.26d-01	1.01d+00
13.3221	1.26d-01	1.01d+00
13.3221	1.26d-01	1.01d+00
13.3221	1.26d-01	1.01d+00
13.3826	1.26d-01	1.01d+00
13.3826	1.26d-01	1.01d+00
13.3826	1.26d-01	1.01d+00
13.3826	1.26d-01	1.01d+00
13.3826	1.26d-01	1.01d+00
13.443	1.28d-01	1.03d+00
13.443	1.28d-01	1.03d+00
13.443	1.28d-01	1.03d+00
13.443	1.28d-01	1.03d+00
13.443	1.28d-01	1.03d+00
13.5035	1.29d-01	1.03d+00
13.5035	1.29d-01	1.03d+00
13.5035	1.29d-01	1.03d+00
13.5035	1.29d-01	1.03d+00
13.5035	1.29d-01	1.03d+00
13.564	1.31d-01	1.05d+00
13.564	1.31d-01	1.05d+00
13.564	1.31d-01	1.05d+00
13.564	1.31d-01	1.05d+00
13.564	1.31d-01	1.05d+00
13.6245	1.30d-01	1.04d+00
13.6245	1.30d-01	1.04d+00
13.6245	1.30d-01	1.04d+00
13.6245	1.30d-01	1.04d+00
13.6245	1.30d-01	1.04d+00
13.685	1.32d-01	1.05d+00
13.685	1.32d-01	1.05d+00
13.685	1.32d-01	1.05d+00
13.685	1.32d-01	1.05d+00
13.685	1.32d-01	1.05d+00
13.7455	1.33d-01	1.06d+00
13.7455	1.33d-01	1.06d+00
13.7455	1.33d-01	1.06d+00
13.7455	1.33d-01	1.06d+00
13.7455	1.33d-01	1.06d+00
13.8059	1.31d-01	1.05d+00
13.8059	1.31d-01	1.05d+00
13.8059	1.31d-01	1.05d+00
13.8059	1.31d-01	1.05d+00
13.8059	1.31d-01	1.05d+00
13.8664	3.34d-01	2.68d+00
13.8664	3.34d-01	2.68d+00
13.8664	3.34d-01	2.68d+00
13.8664	3.34d-01	2.68d+00
13.8664	3.34d-01	2.68d+00
13.9	2.77d-01	2.22d+00
13.9	2.77d-01	2.22d+00
13.9	2.77d-01	2.22d+00
13.9	2.77d-01	2.22d+00
13.9	2.77d-01	2.22d+00
13.9	2.77d-01	2.22d+00
13.9	2.77d-01	2.22d+00
13.9269	3.36d-01	2.69d+00
13.9269	3.36d-01	2.69d+00
13.9269	3.36d-01	2.69d+00
13.9269	3.36d-01	2.69d+00
13.9269	3.36d-01	2.69d+00
13.9847	2.89d-01	2.32d+00
13.9847	2.89d-01	2.32d+00
13.9847	2.89d-01	2.32d+00
13.9847	2.89d-01	2.32d+00
13.9847	2.89d-01	2.32d+00
13.9847	2.89d-01	2.32d+00
13.9847	2.89d-01	2.32d+00
13.9874	2.89d-01	2.32d+00
13.9874	2.89d-01	2.32d+00
13.9874	2.89d-01	2.32d+00
13.9874	2.89d-01	2.32d+00
13.9874	2.89d-01	2.32d+00
14.0479	3.25d-01	2.60d+00
14.0479	3.25d-01	2.60d+00
14.0479	3.25d-01	2.60d+00
14.0479	3.25d-01	2.60d+00
14.0479	3.25d-01	2.60d+00
14.0694	2.71d-01	2.17d+00
14.0694	2.71d-01	2.17d+00
14.0694	2.71d-01	2.17d+00
14.0694	2.71d-01	2.17d+00
14.0694	2.71d-01	2.17d+00
14.0694	2.71d-01	2.17d+00
14.0694	2.71d-01	2.17d+00
14.1083	3.65d-01	2.92d+00
14.1083	3.65d-01	2.92d+00
14.1083	3.65d-01	2.92d+00
14.1083	3.65d-01	2.92d+00
14.1083	3.65d-01	2.92d+00
14.154	2.61d-01	2.09d+00
14.154	2.61d-01	2.09d+00
14.154	2.61d-01	2.09d+00
14.154	2.61d-01	2.09d+00
14.154	2.61d-01	2.09d+00
14.154	2.61d-01	2.09d+00
14.154	2.61d-01	2.09d+00
14.1688	3.11d-01	2.49d+00
14.1688	3.11d-01	2.49d+00
14.1688	3.11d-01	2.49d+00
14.1688	3.11d-01	2.49d+00
14.1688	3.11d-01	2.49d+00
14.2293	4.20d-01	3.36d+00
14.2293	4.20d-01	3.36d+00
14.2293	4.20d-01	3.36d+00
14.2293	4.20d-01	3.36d+00
14.2293	4.20d-01	3.36d+00
14.2387	4.20d-01	3.36d+00
14.2387	4.20d-01	3.36d+00
14.2387	4.20d-01	3.36d+00
14.2387	4.20d-01	3.36d+00
14.2387	4.20d-01	3.36d+00
14.2387	4.20d-01	3.36d+00
14.2387	4.20d-01	3.36d+00
14.2898	3.10d-01	2.48d+00
14.2898	3.10d-01	2.48d+00
14.2898	3.10d-01	2.48d+00
14.2898	3.10d-01	2.48d+00
14.2898	3.10d-01	2.48d+00
14.3234	2.59d-01	2.07d+00
14.3234	2.59d-01	2.07d+00
14.3234	2.59d-01	2.07d+00
14.3234	2.59d-01	2.07d+00
14.3234	2.59d-01	2.07d+00
14.3234	2.59d-01	2.07d+00
14.3234	2.59d-01	2.07d+00
14.3503	3.07d-01	2.46d+00
14.3503	3.07d-01	2.46d+00
14.3503	3.07d-01	2.46d+00
14.3503	3.07d-01	2.46d+00
14.3503	3.07d-01	2.46d+00
14.4081	2.76d-01	2.21d+00
14.4081	2.76d-01	2.21d+00
14.4081	2.76d-01	2.21d+00
14.4081	2.76d-01	2.21d+00
14.4081	2.76d-01	2.21d+00
14.4081	2.76d-01	2.21d+00
14.4081	2.76d-01	2.21d+00
14.4108	2.76d-01	2.21d+00
14.4108	2.76d-01	2.21d+00
14.4108	2.76d-01	2.21d+00
14.4108	2.76d-01	2.21d+00
14.4108	2.76d-01	2.21d+00
14.4712	2.66d-01	2.13d+00
14.4712	2.66d-01	2.13d+00
14.4712	2.66d-01	2.13d+00
14.4712	2.66d-01	2.13d+00
14.4712	2.66d-01	2.13d+00
14.4927	2.27d-01	1.82d+00
14.4927	2.27d-01	1.82d+00
14.4927	2.27d-01	1.82d+00
14.4927	2.27d-01	1.82d+00
14.4927	2.27d-01	1.82d+00
14.4927	2.27d-01	1.82d+00
14.4927	2.27d-01	1.82d+00
14.5317	3.13d-01	2.50d+00
14.5317	3.13d-01	2.50d+00
14.5317	3.13d-01	2.50d+00
14.5317	3.13d-01	2.50d+00
14.5317	3.13d-01	2.50d+00
14.5774	2.44d-01	1.95d+00
14.5774	2.44d-01	1.95d+00
14.5774	2.44d-01	1.95d+00
14.5774	2.44d-01	1.95d+00
14.5774	2.44d-01	1.95d+00
14.5774	2.44d-01	1.95d+00
14.5774	2.44d-01	1.95d+00
14.5922	2.90d-01	2.32d+00
14.5922	2.90d-01	2.32d+00
14.5922	2.90d-01	2.32d+00
14.5922	2.90d-01	2.32d+00
14.5922	2.90d-01	2.32d+00
14.6527	2.94d-01	2.35d+00
14.6527	2.94d-01	2.35d+00
14.6527	2.94d-01	2.35d+00
14.6527	2.94d-01	2.35d+00
14.6527	2.94d-01	2.35d+00
14.6621	2.94d-01	2.35d+00
14.6621	2.94d-01	2.35d+00
14.6621	2.94d-01	2.35d+00
14.6621	2.94d-01	2.35d+00
14.6621	2.94d-01	2.35d+00
14.6621	2.94d-01	2.35d+00
14.6621	2.94d-01	2.35d+00
14.7132	2.82d-01	2.26d+00
14.7132	2.82d-01	2.26d+00
14.7132	2.82d-01	2.26d+00
14.7132	2.82d-01	2.26d+00
14.7132	2.82d-01	2.26d+00
14.7468	2.32d-01	1.85d+00
14.7468	2.32d-01	1.85d+00
14.7468	2.32d-01	1.85d+00
14.7468	2.32d-01	1.85d+00
14.7468	2.32d-01	1.85d+00
14.7468	2.32d-01	1.85d+00
14.7468	2.32d-01	1.85d+00
14.7737	2.78d-01	2.23d+00
14.7737	2.78d-01	2.23d+00
14.7737	2.78d-01	2.23d+00
14.7737	2.78d-01	2.23d+00
14.7737	2.78d-01	2.23d+00
14.8315	2.67d-01	2.13d+00
14.8315	2.67d-01	2.13d+00
14.8315	2.67d-01	2.13d+00
14.8315	2.67d-01	2.13d+00
14.8315	2.67d-01	2.13d+00
14.8315	2.67d-01	2.13d+00
14.8315	2.67d-01	2.13d+00
14.8342	2.67d-01	2.13d+00
14.8342	2.67d-01	2.13d+00
14.8342	2.67d-01	2.13d+00
14.8342	2.67d-01	2.13d+00
14.8342	2.67d-01	2.13d+00
14.8946	2.46d-01	1.97d+00
14.8946	2.46d-01	1.97d+00
14.8946	2.46d-01	1.97d+00
14.8946	2.46d-01	1.97d+00
14.8946	2.46d-01	1.97d+00
14.9161	1.96d-01	1.57d+00
14.9161	1.96d-01	1.57d+00
14.9161	1.96d-01	1.57d+00
14.9161	1.96d-01	1.57d+00
14.9161	1.96d-01	1.57d+00
14.9161	1.96d-01	1.57d+00
14.9161	1.96d-01	1.57d+00
14.9551	2.88d-01	2.31d+00
14.9551	2.88d-01	2.31d+00
14.9551	2.88d-01	2.31d+00
14.9551	2.88d-01	2.31d+00
14.9551	2.88d-01	2.31d+00
15.0008	1.94d-01	1.55d+00
15.0008	1.94d-01	1.55d+00
15.0008	1.94d-01	1.55d+00
15.0008	1.94d-01	1.55d+00
15.0008	1.94d-01	1.55d+00
15.0008	1.94d-01	1.55d+00
15.0008	1.94d-01	1.55d+00
15.0156	2.44d-01	1.95d+00
15.0156	2.44d-01	1.95d+00
15.0156	2.44d-01	1.95d+00
15.0156	2.44d-01	1.95d+00
15.0156	2.44d-01	1.95d+00
15.0761	2.54d-01	2.03d+00
15.0761	2.54d-01	2.03d+00
15.0761	2.54d-01	2.03d+00
15.0761	2.54d-01	2.03d+00
15.0761	2.54d-01	2.03d+00
15.0855	2.54d-01	2.03d+00
15.0855	2.54d-01	2.03d+00
15.0855	2.54d-01	2.03d+00
15.0855	2.54d-01	2.03d+00
15.0855	2.54d-01	2.03d+00
15.0855	2.54d-01	2.03d+00
15.0855	2.54d-01	2.03d+00
15.1366	2.72d-01	2.18d+00
15.1366	2.72d-01	2.18d+00
15.1366	2.72d-01	2.18d+00
15.1366	2.72d-01	2.18d+00
15.1366	2.72d-01	2.18d+00
15.1701	2.12d-01	1.70d+00
15.1701	2.12d-01	1.70d+00
15.1701	2.12d-01	1.70d+00
15.1701	2.12d-01	1.70d+00
15.1701	2.12d-01	1.70d+00
15.1701	2.12d-01	1.70d+00
15.1701	2.12d-01	1.70d+00
15.1971	2.72d-01	2.18d+00
15.1971	2.72d-01	2.18d+00
15.1971	2.72d-01	2.18d+00
15.1971	2.72d-01	2.18d+00
15.1971	2.72d-01	2.18d+00
15.2548	4.03d-01	3.22d+00
15.2548	4.03d-01	3.22d+00
15.2548	4.03d-01	3.22d+00
15.2548	4.03d-01	3.22d+00
15.2548	4.03d-01	3.22d+00
15.2548	4.03d-01	3.22d+00
15.2548	4.03d-01	3.22d+00
15.2575	4.03d-01	3.22d+00
15.2575	4.03d-01	3.22d+00
15.2575	4.03d-01	3.22d+00
15.2575	4.03d-01	3.22d+00
15.2575	4.03d-01	3.22d+00
15.3395	3.79d-01	3.04d+00
15.3395	3.79d-01	3.04d+00
15.3395	3.79d-01	3.04d+00
15.3395	3.79d-01	3.04d+00
15.3395	3.79d-01	3.04d+00
15.3395	3.79d-01	3.04d+00
15.3395	3.79d-01	3.04d+00
15.4242	4.38d-01	3.50d+00
15.4242	4.38d-01	3.50d+00
15.4242	4.38d-01	3.50d+00
15.4242	4.38d-01	3.50d+00
15.4242	4.38d-01	3.50d+00
15.4242	4.38d-01	3.50d+00
15.4242	4.38d-01	3.50d+00
15.5089	4.45d-01	3.56d+00
15.5089	4.45d-01	3.56d+00
15.5089	4.45d-01	3.56d+00
15.5089	4.45d-01	3.56d+00
15.5089	4.45d-01	3.56d+00
15.5089	4.45d-01	3.56d+00
15.5089	4.45d-01	3.56d+00
15.5935	4.24d-01	3.39d+00
15.5935	4.24d-01	3.39d+00
15.5935	4.24d-01	3.39d+00
15.5935	4.24d-01	3.39d+00
15.5935	4.24d-01	3.39d+00
15.5935	4.24d-01	3.39d+00
15.5935	4.24d-01	3.39d+00
15.6782	4.21d-01	3.36d+00
15.6782	4.21d-01	3.36d+00
15.6782	4.21d-01	3.36d+00
15.6782	4.21d-01	3.36d+00
15.6782	4.21d-01	3.36d+00
15.6782	4.21d-01	3.36d+00
15.6782	4.21d-01	3.36d+00
15.7629	3.93d-01	3.15d+00
15.7629	3.93d-01	3.15d+00
15.7629	3.93d-01	3.15d+00
15.7629	3.93d-01	3.15d+00
15.7629	3.93d-01	3.15d+00
15.7629	3.93d-01	3.15d+00
15.7629	3.93d-01	3.15d+00
15.8476	3.97d-01	3.17d+00
15.8476	3.97d-01	3.17d+00
15.8476	3.97d-01	3.17d+00
15.8476	3.97d-01	3.17d+00
15.8476	3.97d-01	3.17d+00
15.8476	3.97d-01	3.17d+00
15.8476	3.97d-01	3.17d+00
15.9322	4.35d-01	3.48d+00
15.9322	4.35d-01	3.48d+00
15.9322	4.35d-01	3.48d+00
15.9322	4.35d-01	3.48d+00
15.9322	4.35d-01	3.48d+00
15.9322	4.35d-01	3.48d+00
15.9322	4.35d-01	3.48d+00
16.0169	4.16d-01	3.33d+00
16.0169	4.16d-01	3.33d+00
16.0169	4.16d-01	3.33d+00
16.0169	4.16d-01	3.33d+00
16.0169	4.16d-01	3.33d+00
16.0169	4.16d-01	3.33d+00
16.0169	4.16d-01	3.33d+00
16.1016	4.87d-01	3.89d+00
16.1016	4.87d-01	3.89d+00
16.1016	4.87d-01	3.89d+00
16.1016	4.87d-01	3.89d+00
16.1016	4.87d-01	3.89d+00
16.1016	4.87d-01	3.89d+00
16.1016	4.87d-01	3.89d+00
16.1863	4.52d-01	3.61d+00
16.1863	4.52d-01	3.61d+00
16.1863	4.52d-01	3.61d+00
16.1863	4.52d-01	3.61d+00
16.1863	4.52d-01	3.61d+00
16.1863	4.52d-01	3.61d+00
16.1863	4.52d-01	3.61d+00
16.271	4.65d-01	3.72d+00
16.271	4.65d-01	3.72d+00
16.271	4.65d-01	3.72d+00
16.271	4.65d-01	3.72d+00
16.271	4.65d-01	3.72d+00
16.271	4.65d-01	3.72d+00
16.271	4.65d-01	3.72d+00
16.3556	4.38d-01	3.51d+00
16.3556	4.38d-01	3.51d+00
16.3556	4.38d-01	3.51d+00
16.3556	4.38d-01	3.51d+00
16.3556	4.38d-01	3.51d+00
16.3556	4.38d-01	3.51d+00
16.3556	4.38d-01	3.51d+00
16.4403	4.61d-01	3.69d+00
16.4403	4.61d-01	3.69d+00
16.4403	4.61d-01	3.69d+00
16.4403	4.61d-01	3.69d+00
16.4403	4.61d-01	3.69d+00
16.4403	4.61d-01	3.69d+00
16.4403	4.61d-01	3.69d+00
16.525	5.03d-01	4.02d+00
16.525	5.03d-01	4.02d+00
16.525	5.03d-01	4.02d+00
16.525	5.03d-01	4.02d+00
16.525	5.03d-01	4.02d+00
16.525	5.03d-01	4.02d+00
16.525	5.03d-01	4.02d+00
16.6097	4.56d-01	3.65d+00
16.6097	4.56d-01	3.65d+00
16.6097	4.56d-01	3.65d+00
16.6097	4.56d-01	3.65d+00
16.6097	4.56d-01	3.65d+00
16.6097	4.56d-01	3.65d+00
16.6097	4.56d-01	3.65d+00
16.6943	4.81d-01	3.85d+00
16.6943	4.81d-01	3.85d+00
16.6943	4.81d-01	3.85d+00
16.6943	4.81d-01	3.85d+00
16.6943	4.81d-01	3.85d+00
16.6943	4.81d-01	3.85d+00
16.6943	4.81d-01	3.85d+00
16.779	5.03d-01	4.02d+00
16.779	5.03d-01	4.02d+00
16.779	5.03d-01	4.02d+00
16.779	5.03d-01	4.02d+00
16.779	5.03d-01	4.02d+00
16.779	5.03d-01	4.02d+00
16.779	5.03d-01	4.02d+00
16.8637	4.73d-01	3.79d+00
16.8637	4.73d-01	3.79d+00
16.8637	4.73d-01	3.79d+00
16.8637	4.73d-01	3.79d+00
16.8637	4.73d-01	3.79d+00
16.8637	4.73d-01	3.79d+00
16.8637	4.73d-01	3.79d+00
16.9484	4.78d-01	3.83d+00
16.9484	4.78d-01	3.83d+00
16.9484	4.78d-01	3.83d+00
16.9484	4.78d-01	3.83d+00
16.9484	4.78d-01	3.83d+00
16.9484	4.78d-01	3.83d+00
16.9484	4.78d-01	3.83d+00
17.033	5.61d-01	4.49d+00
17.033	5.61d-01	4.49d+00
17.033	5.61d-01	4.49d+00
17.033	5.61d-01	4.49d+00
17.033	5.61d-01	4.49d+00
17.033	5.61d-01	4.49d+00
17.033	5.61d-01	4.49d+00
17.1177	5.36d-01	4.29d+00
17.1177	5.36d-01	4.29d+00
17.1177	5.36d-01	4.29d+00
17.1177	5.36d-01	4.29d+00
17.1177	5.36d-01	4.29d+00
17.1177	5.36d-01	4.29d+00
17.1177	5.36d-01	4.29d+00
17.2024	4.85d-01	3.88d+00
17.2024	4.85d-01	3.88d+00
17.2024	4.85d-01	3.88d+00
17.2024	4.85d-01	3.88d+00
17.2024	4.85d-01	3.88d+00
17.2024	4.85d-01	3.88d+00
17.2024	4.85d-01	3.88d+00
17.2871	4.75d-01	3.80d+00
17.2871	4.75d-01	3.80d+00
17.2871	4.75d-01	3.80d+00
17.2871	4.75d-01	3.80d+00
17.2871	4.75d-01	3.80d+00
17.2871	4.75d-01	3.80d+00
17.2871	4.75d-01	3.80d+00
17.3717	5.06d-01	4.05d+00
17.3717	5.06d-01	4.05d+00
17.3717	5.06d-01	4.05d+00
17.3717	5.06d-01	4.05d+00
17.3717	5.06d-01	4.05d+00
17.3717	5.06d-01	4.05d+00
17.3717	5.06d-01	4.05d+00
17.4564	4.72d-01	3.78d+00
17.4564	4.72d-01	3.78d+00
17.4564	4.72d-01	3.78d+00
17.4564	4.72d-01	3.78d+00
17.4564	4.72d-01	3.78d+00
17.4564	4.72d-01	3.78d+00
17.4564	4.72d-01	3.78d+00
17.5411	4.38d-01	3.50d+00
17.5411	4.38d-01	3.50d+00
17.5411	4.38d-01	3.50d+00
17.5411	4.38d-01	3.50d+00
17.5411	4.38d-01	3.50d+00
17.5411	4.38d-01	3.50d+00
17.5411	4.38d-01	3.50d+00
17.6258	5.68d-01	4.54d+00
17.6258	5.68d-01	4.54d+00
17.6258	5.68d-01	4.54d+00
17.6258	5.68d-01	4.54d+00
17.6258	5.68d-01	4.54d+00
17.6258	5.68d-01	4.54d+00
17.6258	5.68d-01	4.54d+00
17.7105	5.03d-01	4.03d+00
17.7105	5.03d-01	4.03d+00
17.7105	5.03d-01	4.03d+00
17.7105	5.03d-01	4.03d+00
17.7105	5.03d-01	4.03d+00
17.7105	5.03d-01	4.03d+00
17.7105	5.03d-01	4.03d+00
17.7951	5.65d-01	4.52d+00
17.7951	5.65d-01	4.52d+00
17.7951	5.65d-01	4.52d+00
17.7951	5.65d-01	4.52d+00
17.7951	5.65d-01	4.52d+00
17.7951	5.65d-01	4.52d+00
17.7951	5.65d-01	4.52d+00
17.8798	6.55d-01	5.24d+00
17.8798	6.55d-01	5.24d+00
17.8798	6.55d-01	5.24d+00
17.8798	6.55d-01	5.24d+00
17.8798	6.55d-01	5.24d+00
17.8798	6.55d-01	5.24d+00
17.8798	6.55d-01	5.24d+00
17.9645	5.41d-01	4.32d+00
17.9645	5.41d-01	4.32d+00
17.9645	5.41d-01	4.32d+00
17.9645	5.41d-01	4.32d+00
17.9645	5.41d-01	4.32d+00
17.9645	5.41d-01	4.32d+00
17.9645	5.41d-01	4.32d+00
18.0492	4.93d-01	3.94d+00
18.0492	4.93d-01	3.94d+00
18.0492	4.93d-01	3.94d+00
18.0492	4.93d-01	3.94d+00
18.0492	4.93d-01	3.94d+00
18.0492	4.93d-01	3.94d+00
18.0492	4.93d-01	3.94d+00
18.1338	5.42d-01	4.33d+00
18.1338	5.42d-01	4.33d+00
18.1338	5.42d-01	4.33d+00
18.1338	5.42d-01	4.33d+00
18.1338	5.42d-01	4.33d+00
18.1338	5.42d-01	4.33d+00
18.1338	5.42d-01	4.33d+00
18.2185	5.37d-01	4.30d+00
18.2185	5.37d-01	4.30d+00
18.2185	5.37d-01	4.30d+00
18.2185	5.37d-01	4.30d+00
18.2185	5.37d-01	4.30d+00
18.2185	5.37d-01	4.30d+00
18.2185	5.37d-01	4.30d+00
18.3032	5.90d-01	4.72d+00
18.3032	5.90d-01	4.72d+00
18.3032	5.90d-01	4.72d+00
18.3032	5.90d-01	4.72d+00
18.3032	5.90d-01	4.72d+00
18.3032	5.90d-01	4.72d+00
18.3032	5.90d-01	4.72d+00
18.3879	5.81d-01	4.65d+00
18.3879	5.81d-01	4.65d+00
18.3879	5.81d-01	4.65d+00
18.3879	5.81d-01	4.65d+00
18.3879	5.81d-01	4.65d+00
18.3879	5.81d-01	4.65d+00
18.3879	5.81d-01	4.65d+00
18.4725	4.71d-01	3.77d+00
18.4725	4.71d-01	3.77d+00
18.4725	4.71d-01	3.77d+00
18.4725	4.71d-01	3.77d+00
18.4725	4.71d-01	3.77d+00
18.4725	4.71d-01	3.77d+00
18.4725	4.71d-01	3.77d+00
18.5572	6.91d-01	5.53d+00
18.5572	6.91d-01	5.53d+00
18.5572	6.91d-01	5.53d+00
18.5572	6.91d-01	5.53d+00
18.5572	6.91d-01	5.53d+00
18.5572	6.91d-01	5.53d+00
18.5572	6.91d-01	5.53d+00
18.6419	7.55d-01	6.04d+00
18.6419	7.55d-01	6.04d+00
18.6419	7.55d-01	6.04d+00
18.6419	7.55d-01	6.04d+00
18.6419	7.55d-01	6.04d+00
18.6419	7.55d-01	6.04d+00
18.6419	7.55d-01	6.04d+00
18.7266	7.23d-01	5.79d+00
18.7266	7.23d-01	5.79d+00
18.7266	7.23d-01	5.79d+00
18.7266	7.23d-01	5.79d+00
18.7266	7.23d-01	5.79d+00
18.7266	7.23d-01	5.79d+00
18.7266	7.23d-01	5.79d+00
18.8113	7.39d-01	5.91d+00
18.8113	7.39d-01	5.91d+00
18.8113	7.39d-01	5.91d+00
18.8113	7.39d-01	5.91d+00
18.8113	7.39d-01	5.91d+00
18.8113	7.39d-01	5.91d+00
18.8113	7.39d-01	5.91d+00
18.8959	5.18d-01	4.15d+00
18.8959	5.18d-01	4.15d+00
18.8959	5.18d-01	4.15d+00
18.8959	5.18d-01	4.15d+00
18.8959	5.18d-01	4.15d+00
18.8959	5.18d-01	4.15d+00
18.8959	5.18d-01	4.15d+00
18.9806	6.22d-01	4.97d+00
18.9806	6.22d-01	4.97d+00
18.9806	6.22d-01	4.97d+00
18.9806	6.22d-01	4.97d+00
18.9806	6.22d-01	4.97d+00
18.9806	6.22d-01	4.97d+00
18.9806	6.22d-01	4.97d+00
19.0653	5.74d-01	4.59d+00
19.0653	5.74d-01	4.59d+00
19.0653	5.74d-01	4.59d+00
19.0653	5.74d-01	4.59d+00
19.0653	5.74d-01	4.59d+00
19.0653	5.74d-01	4.59d+00
19.0653	5.74d-01	4.59d+00
19.15	2.74d-01	2.19d+00
19.15	2.74d-01	2.19d+00
19.15	2.74d-01	2.19d+00
19.15	2.74d-01	2.19d+00
19.15	2.74d-01	2.19d+00
19.15	2.74d-01	2.19d+00
19.15	2.74d-01	2.19d+00
19.15	2.74d-01	2.19d+00
19.15	2.74d-01	2.19d+00
19.15	2.74d-01	2.19d+00
19.15	2.74d-01	2.19d+00
19.15	2.74d-01	2.19d+00
19.15	2.74d-01	2.19d+00
19.15	2.74d-01	2.19d+00
19.2346	5.44d-01	4.35d+00
19.2346	5.44d-01	4.35d+00
19.2346	5.44d-01	4.35d+00
19.2346	5.44d-01	4.35d+00
19.2346	5.44d-01	4.35d+00
19.2346	5.44d-01	4.35d+00
19.2346	5.44d-01	4.35d+00
19.3193	5.79d-01	4.63d+00
19.3193	5.79d-01	4.63d+00
19.3193	5.79d-01	4.63d+00
19.3193	5.79d-01	4.63d+00
19.3193	5.79d-01	4.63d+00
19.3193	5.79d-01	4.63d+00
19.3193	5.79d-01	4.63d+00
19.3193	5.79d-01	4.63d+00
19.3193	5.79d-01	4.63d+00
19.3193	5.79d-01	4.63d+00
19.3193	5.79d-01	4.63d+00
19.3193	5.79d-01	4.63d+00
19.3193	5.79d-01	4.63d+00
19.3193	5.79d-01	4.63d+00
19.404	5.26d-01	4.21d+00
19.404	5.26d-01	4.21d+00
19.404	5.26d-01	4.21d+00
19.404	5.26d-01	4.21d+00
19.404	5.26d-01	4.21d+00
19.404	5.26d-01	4.21d+00
19.404	5.26d-01	4.21d+00
19.4887	6.78d-01	5.42d+00
19.4887	6.78d-01	5.42d+00
19.4887	6.78d-01	5.42d+00
19.4887	6.78d-01	5.42d+00
19.4887	6.78d-01	5.42d+00
19.4887	6.78d-01	5.42d+00
19.4887	6.78d-01	5.42d+00
19.4887	6.78d-01	5.42d+00
19.4887	6.78d-01	5.42d+00
19.4887	6.78d-01	5.42d+00
19.4887	6.78d-01	5.42d+00
19.4887	6.78d-01	5.42d+00
19.4887	6.78d-01	5.42d+00
19.4887	6.78d-01	5.42d+00
19.5734	7.12d-01	5.70d+00
19.5734	7.12d-01	5.70d+00
19.5734	7.12d-01	5.70d+00
19.5734	7.12d-01	5.70d+00
19.5734	7.12d-01	5.70d+00
19.5734	7.12d-01	5.70d+00
19.5734	7.12d-01	5.70d+00
19.658	4.84d-01	3.87d+00
19.658	4.84d-01	3.87d+00
19.658	4.84d-01	3.87d+00
19.658	4.84d-01	3.87d+00
19.658	4.84d-01	3.87d+00
19.658	4.84d-01	3.87d+00
19.658	4.84d-01	3.87d+00
19.658	4.84d-01	3.87d+00
19.658	4.84d-01	3.87d+00
19.658	4.84d-01	3.87d+00
19.658	4.84d-01	3.87d+00
19.658	4.84d-01	3.87d+00
19.658	4.84d-01	3.87d+00
19.658	4.84d-01	3.87d+00
19.7427	5.13d-01	4.10d+00
19.7427	5.13d-01	4.10d+00
19.7427	5.13d-01	4.10d+00
19.7427	5.13d-01	4.10d+00
19.7427	5.13d-01	4.10d+00
19.7427	5.13d-01	4.10d+00
19.7427	5.13d-01	4.10d+00
19.8274	5.22d-01	4.17d+00
19.8274	5.22d-01	4.17d+00
19.8274	5.22d-01	4.17d+00
19.8274	5.22d-01	4.17d+00
19.8274	5.22d-01	4.17d+00
19.8274	5.22d-01	4.17d+00
19.8274	5.22d-01	4.17d+00
19.8274	5.22d-01	4.17d+00
19.8274	5.22d-01	4.17d+00
19.8274	5.22d-01	4.17d+00
19.8274	5.22d-01	4.17d+00
19.8274	5.22d-01	4.17d+00
19.8274	5.22d-01	4.17d+00
19.8274	5.22d-01	4.17d+00
19.9121	5.46d-01	4.37d+00
19.9121	5.46d-01	4.37d+00
19.9121	5.46d-01	4.37d+00
19.9121	5.46d-01	4.37d+00
19.9121	5.46d-01	4.37d+00
19.9121	5.46d-01	4.37d+00
19.9121	5.46d-01	4.37d+00
19.9967	4.38d-01	3.50d+00
19.9967	4.38d-01	3.50d+00
19.9967	4.38d-01	3.50d+00
19.9967	4.38d-01	3.50d+00
19.9967	4.38d-01	3.50d+00
19.9967	4.38d-01	3.50d+00
19.9967	4.38d-01	3.50d+00
19.9967	4.38d-01	3.50d+00
19.9967	4.38d-01	3.50d+00
19.9967	4.38d-01	3.50d+00
19.9967	4.38d-01	3.50d+00
19.9967	4.38d-01	3.50d+00
19.9967	4.38d-01	3.50d+00
19.9967	4.38d-01	3.50d+00
19.9967	4.38d-01	3.50d+00
19.9967	4.38d-01	3.50d+00
19.9967	4.38d-01	3.50d+00
19.9967	4.38d-01	3.50d+00
19.9967	4.38d-01	3.50d+00
19.9967	4.38d-01	3.50d+00
19.9967	4.38d-01	3.50d+00
20.0814	9.49d-01	7.59d+00
20.0814	9.49d-01	7.59d+00
20.0814	9.49d-01	7.59d+00
20.0814	9.49d-01	7.59d+00
20.0814	9.49d-01	7.59d+00
20.0814	9.49d-01	7.59d+00
20.0814	9.49d-01	7.59d+00
20.1661	5.67d-01	4.53d+00
20.1661	5.67d-01	4.53d+00
20.1661	5.67d-01	4.53d+00
20.1661	5.67d-01	4.53d+00
20.1661	5.67d-01	4.53d+00
20.1661	5.67d-01	4.53d+00
20.1661	5.67d-01	4.53d+00
20.1661	5.67d-01	4.53d+00
20.1661	5.67d-01	4.53d+00
20.1661	5.67d-01	4.53d+00
20.1661	5.67d-01	4.53d+00
20.1661	5.67d-01	4.53d+00
20.1661	5.67d-01	4.53d+00
20.1661	5.67d-01	4.53d+00
20.1661	5.67d-01	4.53d+00
20.1661	5.67d-01	4.53d+00
20.1661	5.67d-01	4.53d+00
20.1661	5.67d-01	4.53d+00
20.1661	5.67d-01	4.53d+00
20.1661	5.67d-01	4.53d+00
20.1661	5.67d-01	4.53d+00
20.2508	5.05d-01	4.04d+00
20.2508	5.05d-01	4.04d+00
20.2508	5.05d-01	4.04d+00
20.2508	5.05d-01	4.04d+00
20.2508	5.05d-01	4.04d+00
20.2508	5.05d-01	4.04d+00
20.2508	5.05d-01	4.04d+00
20.3354	5.59d-01	4.47d+00
20.3354	5.59d-01	4.47d+00
20.3354	5.59d-01	4.47d+00
20.3354	5.59d-01	4.47d+00
20.3354	5.59d-01	4.47d+00
20.3354	5.59d-01	4.47d+00
20.3354	5.59d-01	4.47d+00
20.3354	5.59d-01	4.47d+00
20.3354	5.59d-01	4.47d+00
20.3354	5.59d-01	4.47d+00
20.3354	5.59d-01	4.47d+00
20.3354	5.59d-01	4.47d+00
20.3354	5.59d-01	4.47d+00
20.3354	5.59d-01	4.47d+00
20.3354	5.59d-01	4.47d+00
20.3354	5.59d-01	4.47d+00
20.3354	5.59d-01	4.47d+00
20.3354	5.59d-01	4.47d+00
20.3354	5.59d-01	4.47d+00
20.3354	5.59d-01	4.47d+00
20.3354	5.59d-01	4.47d+00
20.4201	6.86d-01	5.49d+00
20.4201	6.86d-01	5.49d+00
20.4201	6.86d-01	5.49d+00
20.4201	6.86d-01	5.49d+00
20.4201	6.86d-01	5.49d+00
20.4201	6.86d-01	5.49d+00
20.4201	6.86d-01	5.49d+00
20.5048	6.08d-01	4.86d+00
20.5048	6.08d-01	4.86d+00
20.5048	6.08d-01	4.86d+00
20.5048	6.08d-01	4.86d+00
20.5048	6.08d-01	4.86d+00
20.5048	6.08d-01	4.86d+00
20.5048	6.08d-01	4.86d+00
20.5048	6.08d-01	4.86d+00
20.5048	6.08d-01	4.86d+00
20.5048	6.08d-01	4.86d+00
20.5048	6.08d-01	4.86d+00
20.5048	6.08d-01	4.86d+00
20.5048	6.08d-01	4.86d+00
20.5048	6.08d-01	4.86d+00
20.5048	6.08d-01	4.86d+00
20.5048	6.08d-01	4.86d+00
20.5048	6.08d-01	4.86d+00
20.5048	6.08d-01	4.86d+00
20.5048	6.08d-01	4.86d+00
20.5048	6.08d-01	4.86d+00
20.5048	6.08d-01	4.86d+00
20.5895	4.66d-01	3.73d+00
20.5895	4.66d-01	3.73d+00
20.5895	4.66d-01	3.73d+00
20.5895	4.66d-01	3.73d+00
20.5895	4.66d-01	3.73d+00
20.5895	4.66d-01	3.73d+00
20.5895	4.66d-01	3.73d+00
20.6742	5.75d-01	4.60d+00
20.6742	5.75d-01	4.60d+00
20.6742	5.75d-01	4.60d+00
20.6742	5.75d-01	4.60d+00
20.6742	5.75d-01	4.60d+00
20.6742	5.75d-01	4.60d+00
20.6742	5.75d-01	4.60d+00
20.6742	5.75d-01	4.60d+00
20.6742	5.75d-01	4.60d+00
20.6742	5.75d-01	4.60d+00
20.6742	5.75d-01	4.60d+00
20.6742	5.75d-01	4.60d+00
20.6742	5.75d-01	4.60d+00
20.6742	5.75d-01	4.60d+00
20.6742	5.75d-01	4.60d+00
20.6742	5.75d-01	4.60d+00
20.6742	5.75d-01	4.60d+00
20.6742	5.75d-01	4.60d+00
20.6742	5.75d-01	4.60d+00
20.6742	5.75d-01	4.60d+00
20.6742	5.75d-01	4.60d+00
20.7588	6.54d-01	5.23d+00
20.7588	6.54d-01	5.23d+00
20.7588	6.54d-01	5.23d+00
20.7588	6.54d-01	5.23d+00
20.7588	6.54d-01	5.23d+00
20.7588	6.54d-01	5.23d+00
20.7588	6.54d-01	5.23d+00
20.8435	5.06d-01	4.05d+00
20.8435	5.06d-01	4.05d+00
20.8435	5.06d-01	4.05d+00
20.8435	5.06d-01	4.05d+00
20.8435	5.06d-01	4.05d+00
20.8435	5.06d-01	4.05d+00
20.8435	5.06d-01	4.05d+00
20.8435	5.06d-01	4.05d+00
20.8435	5.06d-01	4.05d+00
20.8435	5.06d-01	4.05d+00
20.8435	5.06d-01	4.05d+00
20.8435	5.06d-01	4.05d+00
20.8435	5.06d-01	4.05d+00
20.8435	5.06d-01	4.05d+00
20.8435	5.06d-01	4.05d+00
20.8435	5.06d-01	4.05d+00
20.8435	5.06d-01	4.05d+00
20.8435	5.06d-01	4.05d+00
20.8435	5.06d-01	4.05d+00
20.8435	5.06d-01	4.05d+00
20.8435	5.06d-01	4.05d+00
20.9282	6.44d-01	5.15d+00
20.9282	6.44d-01	5.15d+00
20.9282	6.44d-01	5.15d+00
20.9282	6.44d-01	5.15d+00
20.9282	6.44d-01	5.15d+00
20.9282	6.44d-01	5.15d+00
20.9282	6.44d-01	5.15d+00
21.0129	6.59d-01	5.27d+00
21.0129	6.59d-01	5.27d+00
21.0129	6.59d-01	5.27d+00
21.0129	6.59d-01	5.27d+00
21.0129	6.59d-01	5.27d+00
21.0129	6.59d-01	5.27d+00
21.0129	6.59d-01	5.27d+00
21.0129	6.59d-01	5.27d+00
21.0129	6.59d-01	5.27d+00
21.0129	6.59d-01	5.27d+00
21.0129	6.59d-01	5.27d+00
21.0129	6.59d-01	5.27d+00
21.0129	6.59d-01	5.27d+00
21.0129	6.59d-01	5.27d+00
21.0129	6.59d-01	5.27d+00
21.0129	6.59d-01	5.27d+00
21.0129	6.59d-01	5.27d+00
21.0129	6.59d-01	5.27d+00
21.0129	6.59d-01	5.27d+00
21.0129	6.59d-01	5.27d+00
21.0129	6.59d-01	5.27d+00
21.0975	7.12d-01	5.69d+00
21.0975	7.12d-01	5.69d+00
21.0975	7.12d-01	5.69d+00
21.0975	7.12d-01	5.69d+00
21.0975	7.12d-01	5.69d+00
21.0975	7.12d-01	5.69d+00
21.0975	7.12d-01	5.69d+00
21.1822	5.05d-01	4.04d+00
21.1822	5.05d-01	4.04d+00
21.1822	5.05d-01	4.04d+00
21.1822	5.05d-01	4.04d+00
21.1822	5.05d-01	4.04d+00
21.1822	5.05d-01	4.04d+00
21.1822	5.05d-01	4.04d+00
21.1822	5.05d-01	4.04d+00
21.1822	5.05d-01	4.04d+00
21.1822	5.05d-01	4.04d+00
21.1822	5.05d-01	4.04d+00
21.1822	5.05d-01	4.04d+00
21.1822	5.05d-01	4.04d+00
21.1822	5.05d-01	4.04d+00
21.1822	5.05d-01	4.04d+00
21.1822	5.05d-01	4.04d+00
21.1822	5.05d-01	4.04d+00
21.1822	5.05d-01	4.04d+00
21.1822	5.05d-01	4.04d+00
21.1822	5.05d-01	4.04d+00
21.1822	5.05d-01	4.04d+00
21.2669	4.75d-01	3.80d+00
21.2669	4.75d-01	3.80d+00
21.2669	4.75d-01	3.80d+00
21.2669	4.75d-01	3.80d+00
21.2669	4.75d-01	3.80d+00
21.2669	4.75d-01	3.80d+00
21.2669	4.75d-01	3.80d+00
21.3516	5.06d-01	4.05d+00
21.3516	5.06d-01	4.05d+00
21.3516	5.06d-01	4.05d+00
21.3516	5.06d-01	4.05d+00
21.3516	5.06d-01	4.05d+00
21.3516	5.06d-01	4.05d+00
21.3516	5.06d-01	4.05d+00
21.3516	5.06d-01	4.05d+00
21.3516	5.06d-01	4.05d+00
21.3516	5.06d-01	4.05d+00
21.3516	5.06d-01	4.05d+00
21.3516	5.06d-01	4.05d+00
21.3516	5.06d-01	4.05d+00
21.3516	5.06d-01	4.05d+00
21.5209	5.65d-01	4.52d+00
21.5209	5.65d-01	4.52d+00
21.5209	5.65d-01	4.52d+00
21.5209	5.65d-01	4.52d+00
21.5209	5.65d-01	4.52d+00
21.5209	5.65d-01	4.52d+00
21.5209	5.65d-01	4.52d+00
21.5209	5.65d-01	4.52d+00
21.5209	5.65d-01	4.52d+00
21.5209	5.65d-01	4.52d+00
21.5209	5.65d-01	4.52d+00
21.5209	5.65d-01	4.52d+00
21.5209	5.65d-01	4.52d+00
21.5209	5.65d-01	4.52d+00
21.6903	5.98d-01	4.78d+00
21.6903	5.98d-01	4.78d+00
21.6903	5.98d-01	4.78d+00
21.6903	5.98d-01	4.78d+00
21.6903	5.98d-01	4.78d+00
21.6903	5.98d-01	4.78d+00
21.6903	5.98d-01	4.78d+00
21.6903	5.98d-01	4.78d+00
21.6903	5.98d-01	4.78d+00
21.6903	5.98d-01	4.78d+00
21.6903	5.98d-01	4.78d+00
21.6903	5.98d-01	4.78d+00
21.6903	5.98d-01	4.78d+00
21.6903	5.98d-01	4.78d+00
21.8596	5.81d-01	4.65d+00
21.8596	5.81d-01	4.65d+00
21.8596	5.81d-01	4.65d+00
21.8596	5.81d-01	4.65d+00
21.8596	5.81d-01	4.65d+00
21.8596	5.81d-01	4.65d+00
21.8596	5.81d-01	4.65d+00
22.029	5.89d-01	4.71d+00
22.029	5.89d-01	4.71d+00
22.029	5.89d-01	4.71d+00
22.029	5.89d-01	4.71d+00
22.029	5.89d-01	4.71d+00
22.029	5.89d-01	4.71d+00
22.029	5.89d-01	4.71d+00
22.1983	5.53d-01	4.42d+00
22.1983	5.53d-01	4.42d+00
22.1983	5.53d-01	4.42d+00
22.1983	5.53d-01	4.42d+00
22.1983	5.53d-01	4.42d+00
22.1983	5.53d-01	4.42d+00
22.1983	5.53d-01	4.42d+00
22.3677	5.54d-01	4.43d+00
22.3677	5.54d-01	4.43d+00
22.3677	5.54d-01	4.43d+00
22.3677	5.54d-01	4.43d+00
22.3677	5.54d-01	4.43d+00
22.3677	5.54d-01	4.43d+00
22.3677	5.54d-01	4.43d+00
22.537	5.63d-01	4.50d+00
22.537	5.63d-01	4.50d+00
22.537	5.63d-01	4.50d+00
22.537	5.63d-01	4.50d+00
22.537	5.63d-01	4.50d+00
22.537	5.63d-01	4.50d+00
22.537	5.63d-01	4.50d+00
22.7064	5.66d-01	4.53d+00
22.7064	5.66d-01	4.53d+00
22.7064	5.66d-01	4.53d+00
22.7064	5.66d-01	4.53d+00
22.7064	5.66d-01	4.53d+00
22.7064	5.66d-01	4.53d+00
22.7064	5.66d-01	4.53d+00
22.8757	5.51d-01	4.41d+00
22.8757	5.51d-01	4.41d+00
22.8757	5.51d-01	4.41d+00
22.8757	5.51d-01	4.41d+00
22.8757	5.51d-01	4.41d+00
22.8757	5.51d-01	4.41d+00
22.8757	5.51d-01	4.41d+00
23.0451	5.43d-01	4.34d+00
23.0451	5.43d-01	4.34d+00
23.0451	5.43d-01	4.34d+00
23.0451	5.43d-01	4.34d+00
23.0451	5.43d-01	4.34d+00
23.0451	5.43d-01	4.34d+00
23.0451	5.43d-01	4.34d+00
23.2145	5.60d-01	4.48d+00
23.2145	5.60d-01	4.48d+00
23.2145	5.60d-01	4.48d+00
23.2145	5.60d-01	4.48d+00
23.2145	5.60d-01	4.48d+00
23.2145	5.60d-01	4.48d+00
23.2145	5.60d-01	4.48d+00
23.3838	5.31d-01	4.25d+00
23.3838	5.31d-01	4.25d+00
23.3838	5.31d-01	4.25d+00
23.3838	5.31d-01	4.25d+00
23.3838	5.31d-01	4.25d+00
23.3838	5.31d-01	4.25d+00
23.3838	5.31d-01	4.25d+00
23.5532	5.34d-01	4.27d+00
23.5532	5.34d-01	4.27d+00
23.5532	5.34d-01	4.27d+00
23.5532	5.34d-01	4.27d+00
23.5532	5.34d-01	4.27d+00
23.5532	5.34d-01	4.27d+00
23.5532	5.34d-01	4.27d+00
23.7225	5.51d-01	4.41d+00
23.7225	5.51d-01	4.41d+00
23.7225	5.51d-01	4.41d+00
23.7225	5.51d-01	4.41d+00
23.7225	5.51d-01	4.41d+00
23.7225	5.51d-01	4.41d+00
23.7225	5.51d-01	4.41d+00
23.8919	5.48d-01	4.39d+00
23.8919	5.48d-01	4.39d+00
23.8919	5.48d-01	4.39d+00
23.8919	5.48d-01	4.39d+00
23.8919	5.48d-01	4.39d+00
23.8919	5.48d-01	4.39d+00
23.8919	5.48d-01	4.39d+00
24.0612	5.63d-01	4.50d+00
24.0612	5.63d-01	4.50d+00
24.0612	5.63d-01	4.50d+00
24.0612	5.63d-01	4.50d+00
24.0612	5.63d-01	4.50d+00
24.0612	5.63d-01	4.50d+00
24.0612	5.63d-01	4.50d+00
24.2306	5.64d-01	4.51d+00
24.2306	5.64d-01	4.51d+00
24.2306	5.64d-01	4.51d+00
24.2306	5.64d-01	4.51d+00
24.2306	5.64d-01	4.51d+00
24.2306	5.64d-01	4.51d+00
24.2306	5.64d-01	4.51d+00
24.3999	5.30d-01	4.24d+00
24.3999	5.30d-01	4.24d+00
24.3999	5.30d-01	4.24d+00
24.3999	5.30d-01	4.24d+00
24.3999	5.30d-01	4.24d+00
24.3999	5.30d-01	4.24d+00
24.3999	5.30d-01	4.24d+00
24.5693	5.15d-01	4.12d+00
24.5693	5.15d-01	4.12d+00
24.5693	5.15d-01	4.12d+00
24.5693	5.15d-01	4.12d+00
24.5693	5.15d-01	4.12d+00
24.5693	5.15d-01	4.12d+00
24.5693	5.15d-01	4.12d+00
24.7386	5.07d-01	4.06d+00
24.7386	5.07d-01	4.06d+00
24.7386	5.07d-01	4.06d+00
24.7386	5.07d-01	4.06d+00
24.7386	5.07d-01	4.06d+00
24.7386	5.07d-01	4.06d+00
24.7386	5.07d-01	4.06d+00
24.908	5.21d-01	4.17d+00
24.908	5.21d-01	4.17d+00
24.908	5.21d-01	4.17d+00
24.908	5.21d-01	4.17d+00
24.908	5.21d-01	4.17d+00
24.908	5.21d-01	4.17d+00
24.908	5.21d-01	4.17d+00
25.0774	5.33d-01	4.27d+00
25.0774	5.33d-01	4.27d+00
25.0774	5.33d-01	4.27d+00
25.0774	5.33d-01	4.27d+00
25.0774	5.33d-01	4.27d+00
25.0774	5.33d-01	4.27d+00
25.0774	5.33d-01	4.27d+00
25.2467	5.33d-01	4.26d+00
25.2467	5.33d-01	4.26d+00
25.2467	5.33d-01	4.26d+00
25.2467	5.33d-01	4.26d+00
25.2467	5.33d-01	4.26d+00
25.2467	5.33d-01	4.26d+00
25.2467	5.33d-01	4.26d+00
25.416	5.34d-01	4.27d+00
25.416	5.34d-01	4.27d+00
25.416	5.34d-01	4.27d+00
25.416	5.34d-01	4.27d+00
25.416	5.34d-01	4.27d+00
25.416	5.34d-01	4.27d+00
25.416	5.34d-01	4.27d+00
25.5854	5.30d-01	4.24d+00
25.5854	5.30d-01	4.24d+00
25.5854	5.30d-01	4.24d+00
25.5854	5.30d-01	4.24d+00
25.5854	5.30d-01	4.24d+00
25.5854	5.30d-01	4.24d+00
25.5854	5.30d-01	4.24d+00
25.7548	5.47d-01	4.38d+00
25.7548	5.47d-01	4.38d+00
25.7548	5.47d-01	4.38d+00
25.7548	5.47d-01	4.38d+00
25.7548	5.47d-01	4.38d+00
25.7548	5.47d-01	4.38d+00
25.7548	5.47d-01	4.38d+00
25.9241	5.49d-01	4.39d+00
25.9241	5.49d-01	4.39d+00
25.9241	5.49d-01	4.39d+00
25.9241	5.49d-01	4.39d+00
25.9241	5.49d-01	4.39d+00
25.9241	5.49d-01	4.39d+00
25.9241	5.49d-01	4.39d+00
26.0935	5.47d-01	4.37d+00
26.0935	5.47d-01	4.37d+00
26.0935	5.47d-01	4.37d+00
26.0935	5.47d-01	4.37d+00
26.0935	5.47d-01	4.37d+00
26.0935	5.47d-01	4.37d+00
26.0935	5.47d-01	4.37d+00
26.2628	5.13d-01	4.10d+00
26.2628	5.13d-01	4.10d+00
26.2628	5.13d-01	4.10d+00
26.2628	5.13d-01	4.10d+00
26.2628	5.13d-01	4.10d+00
26.2628	5.13d-01	4.10d+00
26.2628	5.13d-01	4.10d+00
26.4322	6.36d-01	5.09d+00
26.4322	6.36d-01	5.09d+00
26.4322	6.36d-01	5.09d+00
26.4322	6.36d-01	5.09d+00
26.4322	6.36d-01	5.09d+00
26.4322	6.36d-01	5.09d+00
26.4322	6.36d-01	5.09d+00
26.6015	6.37d-01	5.09d+00
26.6015	6.37d-01	5.09d+00
26.6015	6.37d-01	5.09d+00
26.6015	6.37d-01	5.09d+00
26.6015	6.37d-01	5.09d+00
26.6015	6.37d-01	5.09d+00
26.6015	6.37d-01	5.09d+00
26.7709	5.46d-01	4.37d+00
26.7709	5.46d-01	4.37d+00
26.7709	5.46d-01	4.37d+00
26.7709	5.46d-01	4.37d+00
26.7709	5.46d-01	4.37d+00
26.7709	5.46d-01	4.37d+00
26.7709	5.46d-01	4.37d+00
26.9402	5.22d-01	4.18d+00
26.9402	5.22d-01	4.18d+00
26.9402	5.22d-01	4.18d+00
26.9402	5.22d-01	4.18d+00
26.9402	5.22d-01	4.18d+00
26.9402	5.22d-01	4.18d+00
26.9402	5.22d-01	4.18d+00
27.1096	5.47d-01	4.38d+00
27.1096	5.47d-01	4.38d+00
27.1096	5.47d-01	4.38d+00
27.1096	5.47d-01	4.38d+00
27.1096	5.47d-01	4.38d+00
27.1096	5.47d-01	4.38d+00
27.1096	5.47d-01	4.38d+00
27.2789	5.81d-01	4.64d+00
27.2789	5.81d-01	4.64d+00
27.2789	5.81d-01	4.64d+00
27.2789	5.81d-01	4.64d+00
27.2789	5.81d-01	4.64d+00
27.2789	5.81d-01	4.64d+00
27.2789	5.81d-01	4.64d+00
27.4483	5.32d-01	4.26d+00
27.4483	5.32d-01	4.26d+00
27.4483	5.32d-01	4.26d+00
27.4483	5.32d-01	4.26d+00
27.4483	5.32d-01	4.26d+00
27.4483	5.32d-01	4.26d+00
27.4483	5.32d-01	4.26d+00
27.6176	5.37d-01	4.30d+00
27.6176	5.37d-01	4.30d+00
27.6176	5.37d-01	4.30d+00
27.6176	5.37d-01	4.30d+00
27.6176	5.37d-01	4.30d+00
27.6176	5.37d-01	4.30d+00
27.6176	5.37d-01	4.30d+00
27.787	5.24d-01	4.19d+00
27.787	5.24d-01	4.19d+00
27.787	5.24d-01	4.19d+00
27.787	5.24d-01	4.19d+00
27.787	5.24d-01	4.19d+00
27.787	5.24d-01	4.19d+00
27.787	5.24d-01	4.19d+00
27.9564	5.38d-01	4.31d+00
27.9564	5.38d-01	4.31d+00
27.9564	5.38d-01	4.31d+00
27.9564	5.38d-01	4.31d+00
27.9564	5.38d-01	4.31d+00
27.9564	5.38d-01	4.31d+00
27.9564	5.38d-01	4.31d+00
28.1257	5.93d-01	4.74d+00
28.1257	5.93d-01	4.74d+00
28.1257	5.93d-01	4.74d+00
28.1257	5.93d-01	4.74d+00
28.1257	5.93d-01	4.74d+00
28.1257	5.93d-01	4.74d+00
28.1257	5.93d-01	4.74d+00
28.2951	6.78d-01	5.43d+00
28.2951	6.78d-01	5.43d+00
28.2951	6.78d-01	5.43d+00
28.2951	6.78d-01	5.43d+00
28.2951	6.78d-01	5.43d+00
28.2951	6.78d-01	5.43d+00
28.2951	6.78d-01	5.43d+00
28.4644	5.71d-01	4.57d+00
28.4644	5.71d-01	4.57d+00
28.4644	5.71d-01	4.57d+00
28.4644	5.71d-01	4.57d+00
28.4644	5.71d-01	4.57d+00
28.4644	5.71d-01	4.57d+00
28.4644	5.71d-01	4.57d+00
28.6338	5.50d-01	4.40d+00
28.6338	5.50d-01	4.40d+00
28.6338	5.50d-01	4.40d+00
28.6338	5.50d-01	4.40d+00
28.6338	5.50d-01	4.40d+00
28.6338	5.50d-01	4.40d+00
28.6338	5.50d-01	4.40d+00
28.8031	5.48d-01	4.38d+00
28.8031	5.48d-01	4.38d+00
28.8031	5.48d-01	4.38d+00
28.8031	5.48d-01	4.38d+00
28.8031	5.48d-01	4.38d+00
28.8031	5.48d-01	4.38d+00
28.8031	5.48d-01	4.38d+00
28.9725	5.53d-01	4.42d+00
28.9725	5.53d-01	4.42d+00
28.9725	5.53d-01	4.42d+00
28.9725	5.53d-01	4.42d+00
28.9725	5.53d-01	4.42d+00
28.9725	5.53d-01	4.42d+00
28.9725	5.53d-01	4.42d+00
29.1418	7.09d-01	5.67d+00
29.1418	7.09d-01	5.67d+00
29.1418	7.09d-01	5.67d+00
29.1418	7.09d-01	5.67d+00
29.1418	7.09d-01	5.67d+00
29.1418	7.09d-01	5.67d+00
29.1418	7.09d-01	5.67d+00
29.3112	6.13d-01	4.90d+00
29.3112	6.13d-01	4.90d+00
29.3112	6.13d-01	4.90d+00
29.3112	6.13d-01	4.90d+00
29.3112	6.13d-01	4.90d+00
29.3112	6.13d-01	4.90d+00
29.3112	6.13d-01	4.90d+00
29.4805	6.34d-01	5.07d+00
29.4805	6.34d-01	5.07d+00
29.4805	6.34d-01	5.07d+00
29.4805	6.34d-01	5.07d+00
29.4805	6.34d-01	5.07d+00
29.4805	6.34d-01	5.07d+00
29.4805	6.34d-01	5.07d+00
29.6499	5.34d-01	4.27d+00
29.6499	5.34d-01	4.27d+00
29.6499	5.34d-01	4.27d+00
29.6499	5.34d-01	4.27d+00
29.6499	5.34d-01	4.27d+00
29.6499	5.34d-01	4.27d+00
29.6499	5.34d-01	4.27d+00
29.8193	6.09d-01	4.87d+00
29.8193	6.09d-01	4.87d+00
29.8193	6.09d-01	4.87d+00
29.8193	6.09d-01	4.87d+00
29.8193	6.09d-01	4.87d+00
29.8193	6.09d-01	4.87d+00
29.8193	6.09d-01	4.87d+00
29.9886	5.97d-01	4.78d+00
29.9886	5.97d-01	4.78d+00
29.9886	5.97d-01	4.78d+00
29.9886	5.97d-01	4.78d+00
29.9886	5.97d-01	4.78d+00
29.9886	5.97d-01	4.78d+00
29.9886	5.97d-01	4.78d+00
30.158	7.03d-01	5.62d+00
30.158	7.03d-01	5.62d+00
30.158	7.03d-01	5.62d+00
30.158	7.03d-01	5.62d+00
30.158	7.03d-01	5.62d+00
30.158	7.03d-01	5.62d+00
30.158	7.03d-01	5.62d+00
30.3273	2.23d+00	1.79d+01
30.3273	2.23d+00	1.79d+01
30.3273	2.23d+00	1.79d+01
30.3273	2.23d+00	1.79d+01
30.3273	2.23d+00	1.79d+01
30.3273	2.23d+00	1.79d+01
30.3273	2.23d+00	1.79d+01
30.4967	2.35d+00	1.88d+01
30.4967	2.35d+00	1.88d+01
30.4967	2.35d+00	1.88d+01
30.4967	2.35d+00	1.88d+01
30.4967	2.35d+00	1.88d+01
30.4967	2.35d+00	1.88d+01
30.4967	2.35d+00	1.88d+01
30.666	7.59d-01	6.07d+00
30.666	7.59d-01	6.07d+00
30.666	7.59d-01	6.07d+00
30.666	7.59d-01	6.07d+00
30.666	7.59d-01	6.07d+00
30.666	7.59d-01	6.07d+00
30.666	7.59d-01	6.07d+00
30.8354	5.83d-01	4.66d+00
30.8354	5.83d-01	4.66d+00
30.8354	5.83d-01	4.66d+00
30.8354	5.83d-01	4.66d+00
30.8354	5.83d-01	4.66d+00
30.8354	5.83d-01	4.66d+00
30.8354	5.83d-01	4.66d+00
31.0047	6.13d-01	4.91d+00
31.0047	6.13d-01	4.91d+00
31.0047	6.13d-01	4.91d+00
31.0047	6.13d-01	4.91d+00
31.0047	6.13d-01	4.91d+00
31.0047	6.13d-01	4.91d+00
31.0047	6.13d-01	4.91d+00
31.1741	5.92d-01	4.74d+00
31.1741	5.92d-01	4.74d+00
31.1741	5.92d-01	4.74d+00
31.1741	5.92d-01	4.74d+00
31.1741	5.92d-01	4.74d+00
31.1741	5.92d-01	4.74d+00
31.1741	5.92d-01	4.74d+00
31.3434	5.44d-01	4.35d+00
31.3434	5.44d-01	4.35d+00
31.3434	5.44d-01	4.35d+00
31.3434	5.44d-01	4.35d+00
31.3434	5.44d-01	4.35d+00
31.3434	5.44d-01	4.35d+00
31.3434	5.44d-01	4.35d+00
31.5128	5.28d-01	4.23d+00
31.5128	5.28d-01	4.23d+00
31.5128	5.28d-01	4.23d+00
31.5128	5.28d-01	4.23d+00
31.5128	5.28d-01	4.23d+00
31.5128	5.28d-01	4.23d+00
31.5128	5.28d-01	4.23d+00
31.6821	5.72d-01	4.58d+00
31.6821	5.72d-01	4.58d+00
31.6821	5.72d-01	4.58d+00
31.6821	5.72d-01	4.58d+00
31.6821	5.72d-01	4.58d+00
31.6821	5.72d-01	4.58d+00
31.6821	5.72d-01	4.58d+00
31.8515	5.63d-01	4.51d+00
31.8515	5.63d-01	4.51d+00
31.8515	5.63d-01	4.51d+00
31.8515	5.63d-01	4.51d+00
31.8515	5.63d-01	4.51d+00
31.8515	5.63d-01	4.51d+00
31.8515	5.63d-01	4.51d+00
32.0209	6.24d-01	4.99d+00
32.0209	6.24d-01	4.99d+00
32.0209	6.24d-01	4.99d+00
32.0209	6.24d-01	4.99d+00
32.0209	6.24d-01	4.99d+00
32.0209	6.24d-01	4.99d+00
32.0209	6.24d-01	4.99d+00
32.1902	6.03d-01	4.82d+00
32.1902	6.03d-01	4.82d+00
32.1902	6.03d-01	4.82d+00
32.1902	6.03d-01	4.82d+00
32.1902	6.03d-01	4.82d+00
32.1902	6.03d-01	4.82d+00
32.1902	6.03d-01	4.82d+00
32.3596	6.07d-01	4.86d+00
32.3596	6.07d-01	4.86d+00
32.3596	6.07d-01	4.86d+00
32.3596	6.07d-01	4.86d+00
32.3596	6.07d-01	4.86d+00
32.3596	6.07d-01	4.86d+00
32.3596	6.07d-01	4.86d+00
32.5289	5.66d-01	4.53d+00
32.5289	5.66d-01	4.53d+00
32.5289	5.66d-01	4.53d+00
32.5289	5.66d-01	4.53d+00
32.5289	5.66d-01	4.53d+00
32.5289	5.66d-01	4.53d+00
32.5289	5.66d-01	4.53d+00
32.6983	6.08d-01	4.86d+00
32.6983	6.08d-01	4.86d+00
32.6983	6.08d-01	4.86d+00
32.6983	6.08d-01	4.86d+00
32.6983	6.08d-01	4.86d+00
32.6983	6.08d-01	4.86d+00
32.6983	6.08d-01	4.86d+00
32.8676	7.42d-01	5.93d+00
32.8676	7.42d-01	5.93d+00
32.8676	7.42d-01	5.93d+00
32.8676	7.42d-01	5.93d+00
32.8676	7.42d-01	5.93d+00
32.8676	7.42d-01	5.93d+00
32.8676	7.42d-01	5.93d+00
33.037	1.06d+00	8.46d+00
33.037	1.06d+00	8.46d+00
33.037	1.06d+00	8.46d+00
33.037	1.06d+00	8.46d+00
33.037	1.06d+00	8.46d+00
33.037	1.06d+00	8.46d+00
33.037	1.06d+00	8.46d+00
33.2063	8.80d-01	7.04d+00
33.2063	8.80d-01	7.04d+00
33.2063	8.80d-01	7.04d+00
33.2063	8.80d-01	7.04d+00
33.2063	8.80d-01	7.04d+00
33.2063	8.80d-01	7.04d+00
33.2063	8.80d-01	7.04d+00
33.3757	8.32d-01	6.66d+00
33.3757	8.32d-01	6.66d+00
33.3757	8.32d-01	6.66d+00
33.3757	8.32d-01	6.66d+00
33.3757	8.32d-01	6.66d+00
33.3757	8.32d-01	6.66d+00
33.3757	8.32d-01	6.66d+00
33.545	1.06d+00	8.49d+00
33.545	1.06d+00	8.49d+00
33.545	1.06d+00	8.49d+00
33.545	1.06d+00	8.49d+00
33.545	1.06d+00	8.49d+00
33.545	1.06d+00	8.49d+00
33.545	1.06d+00	8.49d+00
33.7144	8.95d-01	7.16d+00
33.7144	8.95d-01	7.16d+00
33.7144	8.95d-01	7.16d+00
33.7144	8.95d-01	7.16d+00
33.7144	8.95d-01	7.16d+00
33.7144	8.95d-01	7.16d+00
33.7144	8.95d-01	7.16d+00
33.8837	6.87d-01	5.50d+00
33.8837	6.87d-01	5.50d+00
33.8837	6.87d-01	5.50d+00
33.8837	6.87d-01	5.50d+00
33.8837	6.87d-01	5.50d+00
33.8837	6.87d-01	5.50d+00
33.8837	6.87d-01	5.50d+00
34.0531	8.83d-01	7.06d+00
34.0531	8.83d-01	7.06d+00
34.0531	8.83d-01	7.06d+00
34.0531	8.83d-01	7.06d+00
34.0531	8.83d-01	7.06d+00
34.0531	8.83d-01	7.06d+00
34.0531	8.83d-01	7.06d+00
34.2225	8.99d-01	7.19d+00
34.2225	8.99d-01	7.19d+00
34.2225	8.99d-01	7.19d+00
34.2225	8.99d-01	7.19d+00
34.2225	8.99d-01	7.19d+00
34.2225	8.99d-01	7.19d+00
34.2225	8.99d-01	7.19d+00
34.3918	7.77d-01	6.22d+00
34.3918	7.77d-01	6.22d+00
34.3918	7.77d-01	6.22d+00
34.3918	7.77d-01	6.22d+00
34.3918	7.77d-01	6.22d+00
34.3918	7.77d-01	6.22d+00
34.3918	7.77d-01	6.22d+00
34.5612	1.21d+00	9.72d+00
34.5612	1.21d+00	9.72d+00
34.5612	1.21d+00	9.72d+00
34.5612	1.21d+00	9.72d+00
34.5612	1.21d+00	9.72d+00
34.5612	1.21d+00	9.72d+00
34.5612	1.21d+00	9.72d+00
34.7305	1.41d+00	1.13d+01
34.7305	1.41d+00	1.13d+01
34.7305	1.41d+00	1.13d+01
34.7305	1.41d+00	1.13d+01
34.7305	1.41d+00	1.13d+01
34.7305	1.41d+00	1.13d+01
34.7305	1.41d+00	1.13d+01
34.8999	1.42d+00	1.14d+01
34.8999	1.42d+00	1.14d+01
34.8999	1.42d+00	1.14d+01
34.8999	1.42d+00	1.14d+01
34.8999	1.42d+00	1.14d+01
34.8999	1.42d+00	1.14d+01
34.8999	1.42d+00	1.14d+01
35.0692	1.08d+00	8.63d+00
35.0692	1.08d+00	8.63d+00
35.0692	1.08d+00	8.63d+00
35.0692	1.08d+00	8.63d+00
35.0692	1.08d+00	8.63d+00
35.0692	1.08d+00	8.63d+00
35.0692	1.08d+00	8.63d+00
35.2386	9.51d-01	7.61d+00
35.2386	9.51d-01	7.61d+00
35.2386	9.51d-01	7.61d+00
35.2386	9.51d-01	7.61d+00
35.2386	9.51d-01	7.61d+00
35.2386	9.51d-01	7.61d+00
35.2386	9.51d-01	7.61d+00
35.4079	2.69d+00	2.15d+01
35.4079	2.69d+00	2.15d+01
35.4079	2.69d+00	2.15d+01
35.4079	2.69d+00	2.15d+01
35.4079	2.69d+00	2.15d+01
35.4079	2.69d+00	2.15d+01
35.4079	2.69d+00	2.15d+01
35.5773	1.94d+00	1.55d+01
35.5773	1.94d+00	1.55d+01
35.5773	1.94d+00	1.55d+01
35.5773	1.94d+00	1.55d+01
35.5773	1.94d+00	1.55d+01
35.5773	1.94d+00	1.55d+01
35.5773	1.94d+00	1.55d+01
35.7466	9.13d-01	7.31d+00
35.7466	9.13d-01	7.31d+00
35.7466	9.13d-01	7.31d+00
35.7466	9.13d-01	7.31d+00
35.7466	9.13d-01	7.31d+00
35.7466	9.13d-01	7.31d+00
35.7466	9.13d-01	7.31d+00
35.916	2.13d+00	1.70d+01
35.916	2.13d+00	1.70d+01
35.916	2.13d+00	1.70d+01
35.916	2.13d+00	1.70d+01
35.916	2.13d+00	1.70d+01
35.916	2.13d+00	1.70d+01
35.916	2.13d+00	1.70d+01
36.0853	1.03d+00	8.26d+00
36.0853	1.03d+00	8.26d+00
36.0853	1.03d+00	8.26d+00
36.0853	1.03d+00	8.26d+00
36.0853	1.03d+00	8.26d+00
36.0853	1.03d+00	8.26d+00
36.0853	1.03d+00	8.26d+00
36.2547	1.45d+00	1.16d+01
36.2547	1.45d+00	1.16d+01
36.2547	1.45d+00	1.16d+01
36.2547	1.45d+00	1.16d+01
36.2547	1.45d+00	1.16d+01
36.2547	1.45d+00	1.16d+01
36.2547	1.45d+00	1.16d+01
36.424	1.43d+00	1.15d+01
36.424	1.43d+00	1.15d+01
36.424	1.43d+00	1.15d+01
36.424	1.43d+00	1.15d+01
36.424	1.43d+00	1.15d+01
36.424	1.43d+00	1.15d+01
36.424	1.43d+00	1.15d+01
36.5934	1.78d+00	1.43d+01
36.5934	1.78d+00	1.43d+01
36.5934	1.78d+00	1.43d+01
36.5934	1.78d+00	1.43d+01
36.5934	1.78d+00	1.43d+01
36.5934	1.78d+00	1.43d+01
36.5934	1.78d+00	1.43d+01
36.7628	1.29d+00	1.04d+01
36.7628	1.29d+00	1.04d+01
36.7628	1.29d+00	1.04d+01
36.7628	1.29d+00	1.04d+01
36.7628	1.29d+00	1.04d+01
36.7628	1.29d+00	1.04d+01
36.7628	1.29d+00	1.04d+01
36.9321	9.51d-01	7.60d+00
36.9321	9.51d-01	7.60d+00
36.9321	9.51d-01	7.60d+00
36.9321	9.51d-01	7.60d+00
36.9321	9.51d-01	7.60d+00
36.9321	9.51d-01	7.60d+00
36.9321	9.51d-01	7.60d+00
37.1015	1.42d+00	1.14d+01
37.1015	1.42d+00	1.14d+01
37.1015	1.42d+00	1.14d+01
37.1015	1.42d+00	1.14d+01
37.1015	1.42d+00	1.14d+01
37.1015	1.42d+00	1.14d+01
37.1015	1.42d+00	1.14d+01
37.2708	1.94d+00	1.55d+01
37.2708	1.94d+00	1.55d+01
37.2708	1.94d+00	1.55d+01
37.2708	1.94d+00	1.55d+01
37.2708	1.94d+00	1.55d+01
37.2708	1.94d+00	1.55d+01
37.2708	1.94d+00	1.55d+01
37.4402	1.30d+00	1.04d+01
37.4402	1.30d+00	1.04d+01
37.4402	1.30d+00	1.04d+01
37.4402	1.30d+00	1.04d+01
37.4402	1.30d+00	1.04d+01
37.4402	1.30d+00	1.04d+01
37.4402	1.30d+00	1.04d+01
37.6095	1.80d+00	1.44d+01
37.6095	1.80d+00	1.44d+01
37.6095	1.80d+00	1.44d+01
37.6095	1.80d+00	1.44d+01
37.6095	1.80d+00	1.44d+01
37.6095	1.80d+00	1.44d+01
37.6095	1.80d+00	1.44d+01
37.7789	1.53d+00	1.23d+01
37.7789	1.53d+00	1.23d+01
37.7789	1.53d+00	1.23d+01
37.7789	1.53d+00	1.23d+01
37.7789	1.53d+00	1.23d+01
37.7789	1.53d+00	1.23d+01
37.7789	1.53d+00	1.23d+01
37.9482	2.21d+00	1.77d+01
37.9482	2.21d+00	1.77d+01
37.9482	2.21d+00	1.77d+01
37.9482	2.21d+00	1.77d+01
37.9482	2.21d+00	1.77d+01
37.9482	2.21d+00	1.77d+01
37.9482	2.21d+00	1.77d+01
38.1176	1.65d+00	1.32d+01
38.1176	1.65d+00	1.32d+01
38.1176	1.65d+00	1.32d+01
38.1176	1.65d+00	1.32d+01
38.1176	1.65d+00	1.32d+01
38.1176	1.65d+00	1.32d+01
38.1176	1.65d+00	1.32d+01
38.2869	1.13d+00	9.00d+00
38.2869	1.13d+00	9.00d+00
38.2869	1.13d+00	9.00d+00
38.2869	1.13d+00	9.00d+00
38.2869	1.13d+00	9.00d+00
38.2869	1.13d+00	9.00d+00
38.2869	1.13d+00	9.00d+00
38.6256	1.03d+00	8.28d+00
38.6256	1.03d+00	8.28d+00
38.6256	1.03d+00	8.28d+00
38.6256	1.03d+00	8.28d+00
38.6256	1.03d+00	8.28d+00
38.6256	1.03d+00	8.28d+00
38.6256	1.03d+00	8.28d+00
38.795	3.86d+00	3.09d+01
38.795	3.86d+00	3.09d+01
38.795	3.86d+00	3.09d+01
38.795	3.86d+00	3.09d+01
38.795	3.86d+00	3.09d+01
38.795	3.86d+00	3.09d+01
38.795	3.86d+00	3.09d+01
39.3031	6.45d-01	5.16d+00
39.3031	6.45d-01	5.16d+00
39.3031	6.45d-01	5.16d+00
39.3031	6.45d-01	5.16d+00
39.3031	6.45d-01	5.16d+00
39.3031	6.45d-01	5.16d+00
39.3031	6.45d-01	5.16d+00
39.4724	7.81d-01	6.25d+00
39.4724	7.81d-01	6.25d+00
39.4724	7.81d-01	6.25d+00
39.4724	7.81d-01	6.25d+00
39.4724	7.81d-01	6.25d+00
39.4724	7.81d-01	6.25d+00
39.4724	7.81d-01	6.25d+00
39.6418	9.06d-01	7.25d+00
39.6418	9.06d-01	7.25d+00
39.6418	9.06d-01	7.25d+00
39.6418	9.06d-01	7.25d+00
39.6418	9.06d-01	7.25d+00
39.6418	9.06d-01	7.25d+00
39.6418	9.06d-01	7.25d+00
39.8111	7.44d-01	5.95d+00
39.8111	7.44d-01	5.95d+00
39.8111	7.44d-01	5.95d+00
39.8111	7.44d-01	5.95d+00
39.8111	7.44d-01	5.95d+00
39.8111	7.44d-01	5.95d+00
39.8111	7.44d-01	5.95d+00
39.9805	3.83d-01	3.06d+00
39.9805	3.83d-01	3.06d+00
39.9805	3.83d-01	3.06d+00
39.9805	3.83d-01	3.06d+00
39.9805	3.83d-01	3.06d+00
39.9805	3.83d-01	3.06d+00
39.9805	3.83d-01	3.06d+00
40.1498	1.92d-01	1.54d+00
40.1498	1.92d-01	1.54d+00
40.1498	1.92d-01	1.54d+00
40.1498	1.92d-01	1.54d+00
40.1498	1.92d-01	1.54d+00
40.1498	1.92d-01	1.54d+00
40.1498	1.92d-01	1.54d+00
40.3192	2.47d-01	1.97d+00
40.3192	2.47d-01	1.97d+00
40.3192	2.47d-01	1.97d+00
40.3192	2.47d-01	1.97d+00
40.3192	2.47d-01	1.97d+00
40.3192	2.47d-01	1.97d+00
40.3192	2.47d-01	1.97d+00
40.4885	5.34d-01	4.27d+00
40.4885	5.34d-01	4.27d+00
40.4885	5.34d-01	4.27d+00
40.4885	5.34d-01	4.27d+00
40.4885	5.34d-01	4.27d+00
40.4885	5.34d-01	4.27d+00
40.4885	5.34d-01	4.27d+00
40.6579	4.51d-01	3.61d+00
40.6579	4.51d-01	3.61d+00
40.6579	4.51d-01	3.61d+00
40.6579	4.51d-01	3.61d+00
40.6579	4.51d-01	3.61d+00
40.6579	4.51d-01	3.61d+00
40.6579	4.51d-01	3.61d+00
40.8273	1.75d-01	1.40d+00
40.8273	1.75d-01	1.40d+00
40.8273	1.75d-01	1.40d+00
40.8273	1.75d-01	1.40d+00
40.8273	1.75d-01	1.40d+00
40.8273	1.75d-01	1.40d+00
40.8273	1.75d-01	1.40d+00
40.9966	1.30d-01	1.04d+00
40.9966	1.30d-01	1.04d+00
40.9966	1.30d-01	1.04d+00
40.9966	1.30d-01	1.04d+00
40.9966	1.30d-01	1.04d+00
40.9966	1.30d-01	1.04d+00
40.9966	1.30d-01	1.04d+00
41.166	1.26d-01	1.00d+00
41.166	1.26d-01	1.00d+00
41.166	1.26d-01	1.00d+00
41.166	1.26d-01	1.00d+00
41.166	1.26d-01	1.00d+00
41.166	1.26d-01	1.00d+00
41.166	1.26d-01	1.00d+00
41.3353	1.47d-01	1.17d+00
41.3353	1.47d-01	1.17d+00
41.3353	1.47d-01	1.17d+00
41.3353	1.47d-01	1.17d+00
41.3353	1.47d-01	1.17d+00
41.3353	1.47d-01	1.17d+00
41.3353	1.47d-01	1.17d+00
41.5047	1.73d-01	1.38d+00
41.5047	1.73d-01	1.38d+00
41.5047	1.73d-01	1.38d+00
41.5047	1.73d-01	1.38d+00
41.5047	1.73d-01	1.38d+00
41.5047	1.73d-01	1.38d+00
41.5047	1.73d-01	1.38d+00
41.674	2.23d-01	1.78d+00
41.674	2.23d-01	1.78d+00
41.674	2.23d-01	1.78d+00
41.674	2.23d-01	1.78d+00
41.674	2.23d-01	1.78d+00
41.674	2.23d-01	1.78d+00
41.674	2.23d-01	1.78d+00
41.8434	2.49d-01	2.00d+00
41.8434	2.49d-01	2.00d+00
41.8434	2.49d-01	2.00d+00
41.8434	2.49d-01	2.00d+00
41.8434	2.49d-01	2.00d+00
41.8434	2.49d-01	2.00d+00
41.8434	2.49d-01	2.00d+00
42.0127	1.02d-01	8.16d-01
42.0127	1.02d-01	8.16d-01
42.0127	1.02d-01	8.16d-01
42.0127	1.02d-01	8.16d-01
42.0127	1.02d-01	8.16d-01
42.0127	1.02d-01	8.16d-01
42.0127	1.02d-01	8.16d-01
42.1821	4.89d-02	3.91d-01
42.1821	4.89d-02	3.91d-01
42.1821	4.89d-02	3.91d-01
42.1821	4.89d-02	3.91d-01
42.1821	4.89d-02	3.91d-01
42.1821	4.89d-02	3.91d-01
42.1821	4.89d-02	3.91d-01
42.3514	1.29d-06	1.03d-05
42.3514	1.29d-06	1.03d-05
42.3514	1.29d-06	1.03d-05
42.3514	1.29d-06	1.03d-05
42.3514	1.29d-06	1.03d-05
42.3514	1.29d-06	1.03d-05
42.3514	1.29d-06	1.03d-05
